# Units::   uK	 || 	 || 	 || 
4.000000000000000083e-02 1.104256130740234078e-02 1.146207820396298246e-02
1.199999999999999956e-01 1.093586914361203109e-02 1.133980324494159725e-02
2.000000000000000111e-01 1.082178923608014161e-02 1.120943084662746198e-02
2.800000000000000266e-01 1.070071901574626456e-02 1.107145208378867117e-02
3.599999999999999867e-01 1.057306193251622388e-02 1.092636302382420099e-02
4.400000000000000022e-01 1.043922565024292190e-02 1.077466237147564794e-02
5.200000000000000178e-01 1.029962030831714330e-02 1.061684922542699937e-02
6.000000000000000888e-01 1.015465685688840373e-02 1.045342095544994111e-02
6.799999999999999378e-01 1.000474547175444692e-02 1.028487120715085128e-02
7.600000000000000089e-01 9.850294053990063178e-03 1.011168803982512125e-02
8.400000000000000799e-01 9.691706818443814042e-03 9.934352201441612115e-03
9.199999999999999289e-01 9.529382974318810831e-03 9.753335543372508576e-03
1.000000000000000000e+00 9.363715500179579931e-03 9.569099576162828566e-03
1.080000000000000071e+00 9.195090014897341554e-03 9.382094166407062286e-03
1.160000000000000142e+00 9.023883745263340528e-03 9.192756373671482489e-03
1.239999999999999991e+00 8.850464590269753809e-03 9.001509425374906725e-03
1.320000000000000062e+00 8.675190281381793891e-03 8.808761826618752636e-03
1.399999999999999911e+00 8.498407637507011947e-03 8.614906601142348005e-03
1.479999999999999982e+00 8.320451912805452294e-03 8.420320658865752123e-03
1.560000000000000053e+00 8.141646234982568772e-03 8.225364284873555934e-03
1.640000000000000124e+00 7.962301131263230941e-03 8.030380744183093777e-03
1.719999999999999973e+00 7.782714138856868316e-03 7.835695996224079085e-03
1.800000000000000044e+00 7.603169496393745452e-03 7.641618512632582412e-03
1.879999999999999893e+00 7.423937912536295904e-03 7.448439191723529688e-03
1.959999999999999964e+00 7.245276407743604652e-03 7.256431362844624824e-03
2.040000000000000036e+00 7.067428224992856542e-03 7.065850873728829126e-03
2.120000000000000107e+00 6.890622805133582961e-03 6.876936253943606754e-03
2.200000000000000178e+00 6.715075822464681467e-03 6.689908947575074448e-03
2.280000000000000249e+00 6.540989276081043101e-03 6.504973608381803100e-03
2.359999999999999876e+00 6.368551632529422142e-03 6.322318450796025890e-03
2.439999999999999947e+00 6.197938015339248159e-03 6.142115650334132974e-03
2.520000000000000018e+00 6.029310437053650613e-03 5.964521787200935919e-03
2.600000000000000089e+00 5.862818069468177413e-03 5.789678327120139495e-03
2.680000000000000160e+00 5.698597547895508167e-03 5.617712133700335925e-03
2.760000000000000231e+00 5.536773305403064858e-03 5.448736006939068274e-03
2.839999999999999858e+00 5.377457933118122251e-03 5.282849242776493405e-03
2.919999999999999929e+00 5.220752562857476284e-03 5.120138208929270358e-03
3.000000000000000000e+00 5.066747268512381518e-03 4.960676932559565828e-03
3.080000000000000071e+00 4.915521482805077121e-03 4.804527695663321496e-03
3.160000000000000142e+00 4.767144426222262414e-03 4.651741634386771448e-03
3.240000000000000213e+00 4.621675545128498333e-03 4.502359338805254733e-03
3.320000000000000284e+00 4.479164956260565413e-03 4.356411450014846705e-03
3.399999999999999911e+00 4.339653895003981257e-03 4.213919251696879482e-03
3.479999999999999982e+00 4.203175165051372709e-03 4.074895253613909640e-03
3.560000000000000053e+00 4.069753587240695913e-03 3.939343764784656275e-03
3.640000000000000124e+00 3.939406445562985276e-03 3.807261454358610350e-03
3.720000000000000195e+00 3.812143928519606730e-03 3.678637898473667654e-03
3.799999999999999822e+00 3.687969564191292786e-03 3.553456111626233840e-03
3.879999999999999893e+00 3.566880647558464453e-03 3.431693061315604053e-03
3.959999999999999964e+00 3.448868658781212206e-03 3.313320164940694156e-03
4.040000000000000036e+00 3.333919671310172240e-03 3.198303768129706539e-03
4.120000000000000107e+00 3.222014748853100231e-03 3.086605603869533882e-03
4.200000000000000178e+00 3.113130330364606308e-03 2.978183231970533192e-03
4.280000000000000249e+00 3.007238602369010326e-03 2.872990458564569308e-03
4.360000000000000320e+00 2.904307858047922280e-03 2.770977735470570285e-03
4.440000000000000391e+00 2.804302842647174530e-03 2.672092539394086731e-03
4.520000000000000462e+00 2.707185084866882158e-03 2.576279731041403089e-03
4.599999999999999645e+00 2.612913214000355325e-03 2.483481894331536401e-03
4.679999999999999716e+00 2.521443262681223943e-03 2.393639655980247909e-03
4.759999999999999787e+00 2.432728955182519338e-03 2.306691985808775359e-03
4.839999999999999858e+00 2.346721981290227858e-03 2.222576478200058957e-03
4.919999999999999929e+00 2.263372255841447026e-03 2.141229615182049534e-03
5.000000000000000000e+00 2.182628164081077109e-03 2.062587011668597353e-03
5.080000000000000071e+00 2.104436793045432168e-03 1.986583643428524101e-03
5.160000000000000142e+00 2.028744149230004949e-03 1.913154058386638866e-03
5.240000000000000213e+00 1.955495362840953266e-03 1.842232571886214454e-03
5.320000000000000284e+00 1.884634878966373042e-03 1.773753446561603109e-03
5.400000000000000355e+00 1.816106636034407924e-03 1.707651057482872763e-03
5.480000000000000426e+00 1.749854231951137023e-03 1.643860043242235773e-03
5.560000000000000497e+00 1.685821078332293667e-03 1.582315443655042762e-03
5.640000000000000568e+00 1.623950543259639404e-03 1.522952824746906780e-03
5.719999999999999751e+00 1.564186083005676730e-03 1.465708391693644128e-03
5.799999999999999822e+00 1.506471363178958373e-03 1.410519090371924623e-03
5.879999999999999893e+00 1.450750369749000080e-03 1.357322698168331740e-03
5.959999999999999964e+00 1.396967510411246732e-03 1.306057904679667559e-03
6.040000000000000036e+00 1.345067706753569434e-03 1.256664382922590122e-03
6.120000000000000107e+00 1.294996477682834341e-03 1.209082851652697362e-03
6.200000000000000178e+00 1.246700014565677982e-03 1.163255129374425861e-03
6.280000000000000249e+00 1.200125248531143602e-03 1.119124180603034467e-03
6.360000000000000320e+00 1.155219910374740300e-03 1.076634154919039977e-03
6.440000000000000391e+00 1.111932583493949710e-03 1.035730419333859200e-03
6.520000000000000462e+00 1.070212750274474782e-03 9.963595844634115257e-04
6.600000000000000533e+00 1.030010832334758014e-03 9.584695249841355784e-04
6.679999999999999716e+00 9.912782250236968924e-04 9.220093948235136196e-04
6.759999999999999787e+00 9.539673265532733638e-04 8.869296375149799934e-04
6.839999999999999858e+00 9.180315621337159114e-04 8.531819921246754394e-04
6.919999999999999929e+00 8.834254034652030529e-04 8.207194951362784680e-04
7.000000000000000000e+00 8.501043839248985639e-04 7.894964786580041744e-04
7.080000000000000071e+00 8.180251097740691771e-04 7.594685652954922877e-04
7.160000000000000142e+00 7.871452676950317770e-04 7.305926600136126254e-04
7.240000000000000213e+00 7.574236289531154076e-04 7.028269392905061967e-04
7.320000000000000284e+00 7.288200504642134607e-04 6.761308378480007696e-04
7.400000000000000355e+00 7.012954730341361669e-04 6.504650332240710913e-04
7.480000000000000426e+00 6.748119170217854257e-04 6.257914284352311934e-04
7.560000000000000497e+00 6.493324756643093420e-04 6.020731329597064571e-04
7.640000000000000568e+00 6.248213062888169139e-04 5.792744422559065491e-04
7.719999999999999751e+00 6.012436196221024364e-04 5.573608160152037760e-04
7.799999999999999822e+00 5.785656673968211450e-04 5.362988553330080279e-04
7.879999999999999893e+00 5.567547284405731768e-04 5.160562789684025034e-04
7.959999999999999964e+00 5.357790934218907824e-04 4.966018988487740007e-04
8.039999999999999147e+00 5.156080484159788818e-04 4.779055949635596873e-04
8.120000000000000995e+00 4.962118574421980639e-04 4.599382897794391189e-04
8.199999999999999289e+00 4.775617441135351568e-04 4.426719222969872133e-04
8.280000000000001137e+00 4.596298725302600387e-04 4.260794218600922668e-04
8.359999999999999432e+00 4.423893275382298376e-04 4.101346818175737952e-04
8.440000000000001279e+00 4.258140944643620590e-04 3.948125331282366260e-04
8.519999999999999574e+00 4.098790384326925587e-04 3.800887179915169323e-04
8.600000000000001421e+00 3.945598833561685418e-04 3.659398635777230246e-04
8.679999999999999716e+00 3.798331906915515185e-04 3.523434559242974722e-04
8.760000000000001563e+00 3.656763380373548897e-04 3.392778140574088551e-04
8.839999999999999858e+00 3.520674976478130021e-04 3.267220643916342706e-04
8.920000000000001705e+00 3.389856149292655831e-04 3.146561154543249376e-04
9.000000000000000000e+00 3.264103869792015725e-04 3.030606329756579606e-04
9.080000000000001847e+00 3.143222412223890859e-04 2.919170153800751876e-04
9.160000000000000142e+00 3.027023141931191839e-04 2.812073697100450826e-04
9.240000000000000213e+00 2.915324305074776484e-04 2.709144880085853396e-04
9.320000000000000284e+00 2.807950820649161394e-04 2.610218241829772440e-04
9.399999999999998579e+00 2.704734075137713955e-04 2.515134713681722802e-04
9.480000000000000426e+00 2.605511720116521885e-04 2.423741398053042494e-04
9.559999999999998721e+00 2.510127473073690916e-04 2.335891352471761726e-04
9.640000000000000568e+00 2.418430921678859486e-04 2.251443379000559830e-04
9.719999999999998863e+00 2.330277331703636031e-04 2.170261819083862682e-04
9.800000000000000711e+00 2.245527458763831594e-04 2.092216353866790024e-04
9.879999999999999005e+00 2.164047364026805171e-04 2.017181810007785290e-04
9.960000000000000853e+00 2.085708234001633907e-04 1.945037970987301243e-04
1.003999999999999915e+01 2.010386204506625629e-04 1.875669393898079791e-04
1.012000000000000099e+01 1.937962188887273874e-04 1.808965231687049426e-04
1.019999999999999929e+01 1.868321710538472776e-04 1.744819060805413106e-04
1.028000000000000114e+01 1.801354739766900860e-04 1.683128714211256857e-04
1.035999999999999943e+01 1.736955535013729325e-04 1.623796119658555250e-04
1.044000000000000128e+01 1.675022488443132481e-04 1.566727143197041156e-04
1.051999999999999957e+01 1.615457975889107690e-04 1.511831437799362728e-04
1.060000000000000142e+01 1.558168211141378382e-04 1.459022297025001577e-04
1.067999999999999972e+01 1.503063104540730739e-04 1.408216513624480949e-04
1.076000000000000156e+01 1.450056125844648961e-04 1.359334242982427818e-04
1.083999999999999986e+01 1.399064171316068692e-04 1.312298871293858342e-04
1.092000000000000171e+01 1.350007434980499664e-04 1.267036888364780206e-04
1.100000000000000000e+01 1.302809283990572094e-04 1.223477764925508130e-04
1.108000000000000185e+01 1.257396138031327342e-04 1.181553834343051227e-04
1.116000000000000014e+01 1.213697352694777454e-04 1.141200178617635667e-04
1.124000000000000021e+01 1.171645106748054943e-04 1.102354518547301503e-04
1.132000000000000028e+01 1.131174293216161619e-04 1.064957107944448304e-04
1.139999999999999858e+01 1.092222414196546723e-04 1.028950631787387942e-04
1.148000000000000043e+01 1.054729479321839833e-04 9.942801081917236475e-05
1.155999999999999872e+01 1.018637907783169299e-04 9.608927940853398300e-05
1.164000000000000057e+01 9.838924338263955885e-05 9.287380944731089935e-05
1.171999999999999886e+01 9.504400156317422527e-05 8.977674751779771785e-05
1.180000000000000071e+01 9.182297474865433993e-05 8.679343789467391154e-05
1.187999999999999901e+01 8.872127751605097168e-05 8.391941448104016821e-05
1.196000000000000085e+01 8.573422143924250153e-05 8.115039305908359297e-05
1.203999999999999915e+01 8.285730723975591764e-05 7.848226384474673537e-05
1.212000000000000099e+01 8.008621723049603428e-05 7.591108433595053473e-05
1.219999999999999929e+01 7.741680804350037554e-05 7.343307244420376606e-05
1.228000000000000114e+01 7.484510363274140524e-05 7.104459989955903040e-05
1.235999999999999943e+01 7.236728854317521346e-05 6.874218591920363013e-05
1.244000000000000128e+01 6.997970143730011838e-05 6.652249113014666742e-05
1.251999999999999957e+01 6.767882887063724471e-05 6.438231173673182757e-05
1.260000000000000142e+01 6.546129930768202127e-05 6.231857392394254556e-05
1.267999999999999972e+01 6.332387737004189696e-05 6.032832848771138595e-05
1.276000000000000156e+01 6.126345830864429016e-05 5.840874568369469676e-05
1.283999999999999986e+01 5.927706269208484911e-05 5.655711028621965807e-05
1.292000000000000171e+01 5.736183130338386600e-05 5.477081684935838262e-05
1.300000000000000000e+01 5.551502023761814688e-05 5.304736516233448838e-05
1.308000000000000185e+01 5.373399619311367275e-05 5.138435589170170314e-05
1.316000000000000014e+01 5.201623194910059012e-05 4.977948640299422909e-05
1.324000000000000199e+01 5.035930202295467716e-05 4.823054675477386549e-05
1.332000000000000028e+01 4.876087850037840062e-05 4.673541585824826742e-05
1.339999999999999858e+01 4.721872703210627185e-05 4.529205779587057359e-05
1.348000000000000043e+01 4.573070299092566891e-05 4.389851829254252946e-05
1.355999999999999872e+01 4.429474778307861550e-05 4.255292133331820638e-05
1.364000000000000057e+01 4.290888530827368118e-05 4.125346592167136104e-05
1.371999999999999886e+01 4.157121856279982904e-05 3.999842297265473665e-05
1.380000000000000071e+01 4.027992638042878664e-05 3.878613233547522406e-05
1.387999999999999901e+01 3.903326030599706429e-05 3.761499994022055981e-05
1.396000000000000085e+01 3.782954159675941733e-05 3.648349506368313901e-05
1.403999999999999915e+01 3.666715834679068969e-05 3.539014770942066826e-05
1.412000000000000099e+01 3.554456272988043141e-05 3.433354609738840425e-05
1.419999999999999929e+01 3.446026835654838712e-05 3.331233425866656487e-05
1.428000000000000114e+01 3.341284774093633949e-05 3.232520973098232321e-05
1.435999999999999943e+01 3.240092987350211978e-05 3.137092135090636881e-05
1.444000000000000128e+01 3.142319789554259130e-05 3.044826713876220889e-05
1.451999999999999957e+01 3.047838687171610175e-05 2.955609227246039686e-05
1.460000000000000142e+01 2.956528165683328902e-05 2.869328714660390988e-05
1.467999999999999972e+01 2.868271485327592292e-05 2.785878551337923301e-05
1.476000000000000156e+01 2.782956485551431544e-05 2.705156270186956531e-05
1.483999999999999986e+01 2.700475397825433002e-05 2.627063391257149384e-05
1.492000000000000171e+01 2.620724666483622932e-05 2.551505258401461199e-05
1.500000000000000000e+01 2.543604777257416058e-05 2.478390882850959052e-05
1.508000000000000185e+01 2.469020093179238962e-05 2.407632793416292943e-05
1.516000000000000014e+01 2.396878697538172031e-05 2.339146893040301250e-05
1.524000000000000199e+01 2.327092243576326351e-05 2.272852321436304667e-05
1.532000000000000028e+01 2.259575810621975423e-05 2.208671323557462001e-05
1.539999999999999858e+01 2.194247766361271521e-05 2.146529123650682311e-05
1.548000000000000043e+01 2.131029634958631717e-05 2.086353804657342729e-05
1.555999999999999872e+01 2.069845970743258286e-05 2.028076192733855264e-05
1.564000000000000057e+01 2.010624237187459831e-05 1.971629746669871614e-05
1.571999999999999886e+01 1.953294690911310305e-05 1.916950451992583581e-05
1.580000000000000071e+01 1.897790270458087284e-05 1.863976719551862338e-05
1.587999999999999901e+01 1.844046489594957657e-05 1.812649288388994080e-05
1.596000000000000085e+01 1.792001334904500835e-05 1.762911132698455395e-05
1.603999999999999915e+01 1.741595167443251156e-05 1.714707372699135327e-05
1.612000000000000099e+01 1.692770628262661069e-05 1.667985189244147075e-05
1.620000000000000284e+01 1.645472547579911667e-05 1.622693741986102500e-05
1.628000000000000114e+01 1.599647857433339520e-05 1.578784090954005965e-05
1.635999999999999943e+01 1.555245507638782404e-05 1.536209121373613521e-05
1.643999999999999773e+01 1.512216384892306175e-05 1.494923471585461875e-05
1.651999999999999957e+01 1.470513234877674452e-05 1.454883463919719130e-05
1.660000000000000142e+01 1.430090587248750290e-05 1.416047038392048258e-05
1.667999999999999972e+01 1.390904683367929427e-05 1.378373689090088862e-05
1.675999999999999801e+01 1.352913406701590199e-05 1.341824403130538912e-05
1.683999999999999986e+01 1.316076215776792018e-05 1.306361602068253729e-05
1.692000000000000171e+01 1.280354079624660991e-05 1.271949085650630273e-05
1.700000000000000000e+01 1.245709415637294448e-05 1.238551977810500138e-05
1.707999999999999829e+01 1.212106029782773008e-05 1.206136674803572057e-05
1.716000000000000014e+01 1.179509059124211697e-05 1.174670795395372782e-05
1.724000000000000199e+01 1.147884916603204913e-05 1.144123133015318652e-05
1.732000000000000028e+01 1.117201238045148248e-05 1.114463609793413415e-05
1.739999999999999858e+01 1.087426831358287720e-05 1.085663232408389554e-05
1.748000000000000043e+01 1.058531627891261540e-05 1.057694049672464161e-05
1.756000000000000227e+01 1.030486635924911308e-05 1.030529111790827354e-05
1.764000000000000057e+01 1.003263896265703411e-05 1.004142431230295595e-05
1.771999999999999886e+01 9.768364399146908195e-06 9.785089451422465816e-06
1.780000000000000071e+01 9.511782477768415580e-06 9.536044792830411312e-06
1.788000000000000256e+01 9.262642123781417185e-06 9.294057133829745766e-06
1.796000000000000085e+01 9.020701015473722511e-06 9.058901479126422803e-06
1.803999999999999915e+01 8.785725240199878264e-06 8.830360722036284998e-06
1.812000000000000099e+01 8.557488969097479012e-06 8.608225338764140846e-06
1.820000000000000284e+01 8.335774149928693719e-06 8.392293095363985450e-06
1.828000000000000114e+01 8.120370217367916450e-06 8.182368766940792073e-06
1.835999999999999943e+01 7.911073820043523788e-06 7.978263868723832987e-06
1.844000000000000128e+01 7.707688563517578671e-06 7.779796398595363675e-06
1.851999999999999957e+01 7.510024768372959773e-06 7.586790590715245525e-06
1.860000000000000142e+01 7.317899242467956334e-06 7.399076679835715550e-06
1.867999999999999972e+01 7.131135066401246434e-06 7.216490675942010344e-06
1.875999999999999801e+01 6.949561391162788454e-06 7.038874148834034687e-06
1.883999999999999986e+01 6.773013246902007265e-06 6.866074022257019651e-06
1.892000000000000171e+01 6.601331361751746352e-06 6.697942377217576243e-06
1.900000000000000000e+01 6.434361989579702402e-06 6.534336264068887177e-06
1.907999999999999829e+01 6.271956745595400157e-06 6.375117523006702037e-06
1.916000000000000014e+01 6.113972448695021278e-06 6.220152612557750670e-06
1.924000000000000199e+01 5.960270969501637861e-06 6.069312445687272156e-06
1.932000000000000028e+01 5.810719083056357328e-06 5.922472233118315270e-06
1.939999999999999858e+01 5.665188325198224649e-06 5.779511333484614469e-06
1.948000000000000043e+01 5.523554851707915997e-06 5.640313109912833042e-06
1.956000000000000227e+01 5.385699299393484976e-06 5.504764792669284333e-06
1.964000000000000057e+01 5.251506648355692014e-06 5.372757347471787195e-06
1.971999999999999886e+01 5.120866084788971133e-06 5.244185349120906985e-06
1.980000000000000071e+01 4.993670863761763002e-06 5.118946860073434759e-06
1.988000000000000256e+01 4.869818171546876132e-06 4.996943313626780092e-06
1.996000000000000085e+01 4.514349048686693172e-06 4.636730123856436825e-06
