# Units::   uK	 || 	 || 	 || 
4.000000000000000083e-02 1.126744376585283973e-02 1.455416875933919190e-07
1.199999999999999956e-01 1.115263958293503596e-02 1.440754877949988574e-07
2.000000000000000111e-01 1.103006900211004476e-02 1.425097208167579386e-07
2.800000000000000266e-01 1.090017738527781187e-02 1.408500035044390681e-07
3.599999999999999867e-01 1.076341567352530511e-02 1.391020256916090538e-07
4.400000000000000022e-01 1.062023830347480491e-02 1.372715244869320375e-07
5.200000000000000178e-01 1.047110121198268316e-02 1.353642596040381274e-07
6.000000000000000888e-01 1.031645993709026481e-02 1.333859898289460548e-07
6.799999999999999378e-01 1.015676782185042509e-02 1.313424507056430879e-07
7.600000000000000089e-01 9.992474326405553081e-03 1.292393335063254060e-07
8.400000000000000799e-01 9.824023452488792399e-03 1.270822655391435461e-07
9.199999999999999289e-01 9.651852283366986821e-03 1.248767918331314922e-07
1.000000000000000000e+00 9.476389641150113896e-03 1.226283582274376699e-07
1.080000000000000071e+00 9.298054862365789930e-03 1.203422958800996226e-07
1.160000000000000142e+00 9.117256691741270833e-03 1.180238072004464029e-07
1.239999999999999991e+00 8.934392293255360301e-03 1.156779531988448491e-07
1.320000000000000062e+00 8.749846376719869201e-03 1.133096422379472368e-07
1.399999999999999911e+00 8.563990437428616390e-03 1.109236201609020536e-07
1.479999999999999982e+00 8.377182105767396955e-03 1.085244617641153345e-07
1.560000000000000053e+00 8.189764603115226582e-03 1.061165635751621582e-07
1.640000000000000124e+00 8.002066299882034522e-03 1.037041378903171588e-07
1.719999999999999973e+00 7.814400371116287866e-03 1.012912080208529093e-07
1.800000000000000044e+00 7.627064544779577591e-03 9.888160469278651821e-08
1.879999999999999893e+00 7.440340937517992206e-03 9.647896354107369946e-08
1.959999999999999964e+00 7.254495972556842046e-03 9.408672363630541892e-08
2.040000000000000036e+00 7.069780374205662452e-03 9.170812697976561422e-08
2.120000000000000107e+00 6.886429233377666485e-03 8.934621890118685538e-08
2.200000000000000178e+00 6.704662138496108800e-03 8.700384929263474016e-08
2.280000000000000249e+00 6.524683366178240379e-03 8.468367461165793744e-08
2.359999999999999876e+00 6.346682126147963794e-03 8.238816058707424202e-08
2.439999999999999947e+00 6.170832854926152668e-03 8.011958556146994595e-08
2.520000000000000018e+00 5.997295552982631617e-03 7.788004440568040228e-08
2.600000000000000089e+00 5.826216160193172476e-03 7.567145294203248490e-08
2.680000000000000160e+00 5.657726964634178166e-03 7.349555281504774035e-08
2.760000000000000231e+00 5.491947039954559254e-03 7.135391675047218843e-08
2.839999999999999858e+00 5.328982706789508333e-03 6.924795414593045357e-08
2.919999999999999929e+00 5.168928013919268233e-03 6.717891693913631414e-08
3.000000000000000000e+00 5.011865235123126594e-03 6.514790570237234092e-08
3.080000000000000071e+00 4.857865377935316128e-03 6.315587591488893837e-08
3.160000000000000142e+00 4.706988700765948365e-03 6.120364436784649280e-08
3.240000000000000213e+00 4.559285235111583574e-03 5.929189565950064890e-08
3.320000000000000284e+00 4.414795309837927888e-03 5.742118874139604934e-08
3.399999999999999911e+00 4.273550074773088854e-03 5.559196347941075892e-08
3.479999999999999982e+00 4.135572021099758779e-03 5.380454719652564849e-08
3.560000000000000053e+00 4.000875496280173298e-03 5.205916116720149620e-08
3.640000000000000124e+00 3.869467211482153970e-03 5.035592703614107370e-08
3.720000000000000195e+00 3.741346739703362359e-03 4.869487313706543173e-08
3.799999999999999822e+00 3.616507003007541840e-03 4.707594068985223106e-08
3.879999999999999893e+00 3.494934747493927754e-03 4.549898985700813245e-08
3.959999999999999964e+00 3.376611004816217152e-03 4.396380564293384359e-08
4.040000000000000036e+00 3.261511539252953847e-03 4.247010362182080856e-08
4.120000000000000107e+00 3.149607279503706218e-03 4.101753548224708899e-08
4.200000000000000178e+00 3.040864734543900858e-03 3.960569437860223974e-08
4.280000000000000249e+00 2.935246393026150549e-03 3.823412008149947398e-08
4.360000000000000320e+00 2.832711105847430556e-03 3.690230392106916148e-08
4.440000000000000391e+00 2.733214451631544532e-03 3.560969351875285200e-08
4.520000000000000462e+00 2.636709084990209850e-03 3.435569730474021262e-08
4.599999999999999645e+00 2.543145067530615776e-03 3.313968881959775930e-08
4.679999999999999716e+00 2.452470181671575350e-03 3.196101079991621745e-08
4.759999999999999787e+00 2.364630227413697626e-03 3.081897904894243998e-08
4.839999999999999858e+00 2.279569302285189454e-03 2.971288609420953176e-08
4.919999999999999929e+00 2.197230064748592442e-03 2.864200463506639718e-08
5.000000000000000000e+00 2.117553981412590401e-03 2.760559078383165751e-08
5.080000000000000071e+00 2.040481558441465618e-03 2.660288710498563804e-08
5.160000000000000142e+00 1.965952557596914365e-03 2.563312545741972052e-08
5.240000000000000213e+00 1.893906197381903895e-03 2.469552964527300826e-08
5.320000000000000284e+00 1.824281339784866772e-03 2.378931788331281821e-08
5.400000000000000355e+00 1.757016663145311800e-03 2.291370508316338999e-08
5.480000000000000426e+00 1.692050821679332495e-03 2.206790496696305051e-08
5.560000000000000497e+00 1.629322592216002905e-03 2.125113201523936868e-08
5.640000000000000568e+00 1.568771008703713369e-03 2.046260325594047971e-08
5.719999999999999751e+00 1.510335485049738892e-03 1.970153990165704186e-08
5.799999999999999822e+00 1.453955926856325895e-03 1.896716884210706122e-08
5.879999999999999893e+00 1.399572832614914700e-03 1.825872399896950794e-08
5.959999999999999964e+00 1.347127384913373357e-03 1.757544755009719350e-08
6.040000000000000036e+00 1.296561532204173854e-03 1.691659103007880884e-08
6.120000000000000107e+00 1.247818061670836988e-03 1.628141631400881722e-08
6.200000000000000178e+00 1.200840663718189677e-03 1.566919649119538466e-08
6.280000000000000249e+00 1.155573988598478487e-03 1.507921663538249366e-08
6.360000000000000320e+00 1.111963695670582439e-03 1.451077447789003889e-08
6.440000000000000391e+00 1.069956495773734294e-03 1.396318098988681091e-08
6.520000000000000462e+00 1.029500187180431778e-03 1.343576087980961831e-08
6.600000000000000533e+00 9.905436855758920425e-04 1.292785301172980108e-08
6.679999999999999716e+00 9.530370484935457706e-04 1.243881075024814737e-08
6.759999999999999787e+00 9.169314946180057938e-04 1.196800223727458886e-08
6.839999999999999858e+00 8.821794183483399904e-04 1.151481060581595988e-08
6.919999999999999929e+00 8.487343999966872167e-04 1.107863413567116664e-08
7.000000000000000000e+00 8.165512119782228394e-04 1.065888635569194132e-08
7.080000000000000071e+00 7.855858213309270923e-04 1.025499609704423412e-08
7.160000000000000142e+00 7.557953888854220979e-04 9.866407501673025398e-09
7.240000000000000213e+00 7.271382653876656225e-04 9.492579989949371240e-09
7.320000000000000284e+00 6.995739848600799823e-04 9.132988191257259438e-09
7.400000000000000355e+00 6.730632554699619201e-04 8.787121841062096263e-09
7.480000000000000426e+00 6.475679481577538508e-04 8.454485647792442808e-09
7.560000000000000497e+00 6.230510832619899761e-04 8.134599132662302788e-09
7.640000000000000568e+00 5.994768153625549710e-04 7.826996445364134980e-09
7.719999999999999751e+00 5.768104165492733476e-04 7.531226158372637653e-09
7.799999999999999822e+00 5.550182583086391312e-04 7.246851042414046519e-09
7.879999999999999893e+00 5.340677922083828183e-04 6.973447825484466320e-09
7.959999999999999964e+00 5.139275295462461144e-04 6.710606937626502289e-09
8.039999999999999147e+00 4.945670201174050392e-04 6.457932243517110651e-09
8.120000000000000995e+00 4.759568302434697665e-04 6.215040764768624421e-09
8.199999999999999289e+00 4.580685201938149501e-04 5.981562393685053096e-09
8.280000000000001137e+00 4.408746211214542446e-04 5.757139600103276510e-09
8.359999999999999432e+00 4.243486116237353925e-04 5.541427132791800532e-09
8.440000000000001279e+00 4.084648940299474428e-04 5.334091716771736522e-09
8.519999999999999574e+00 3.931987705087230532e-04 5.134811747803167643e-09
8.600000000000001421e+00 3.785264190798085762e-04 4.943276985170385997e-09
8.679999999999999716e+00 3.644248696070224243e-04 4.759188243796908318e-09
8.760000000000001563e+00 3.508719798418496886e-04 4.582257086623705494e-09
8.839999999999999858e+00 3.378464115803219521e-04 4.412205518093987174e-09
8.920000000000001705e+00 3.253276069893876101e-04 4.248765679502491176e-09
9.000000000000000000e+00 3.132957651530531148e-04 4.091679546888631201e-09
9.080000000000001847e+00 3.017318188829893190e-04 3.940698632078683938e-09
9.160000000000000142e+00 2.906174118331648600e-04 3.795583687413995524e-09
9.240000000000000213e+00 2.799348759532533119e-04 3.656104414638165289e-09
9.320000000000000284e+00 2.696672093111978415e-04 3.522039178358092017e-09
9.399999999999998579e+00 2.597980543110381380e-04 3.393174724436793023e-09
9.480000000000000426e+00 2.503116763286755957e-04 3.269305903630140114e-09
9.559999999999998721e+00 2.411929427843536417e-04 3.150235400727737634e-09
9.640000000000000568e+00 2.324273026677655275e-04 3.035773469419819760e-09
9.719999999999998863e+00 2.240007665286215788e-04 2.925737673070953966e-09
9.800000000000000711e+00 2.158998869428637997e-04 2.819952631545912365e-09
9.879999999999999005e+00 2.081117394622823138e-04 2.718249774200539169e-09
9.960000000000000853e+00 2.006239040530538066e-04 2.620467099120469251e-09
1.003999999999999915e+01 1.934244470267201756e-04 2.526448938663695439e-09
1.012000000000000099e+01 1.865019034652830505e-04 2.436045731338256928e-09
1.019999999999999929e+01 1.798452601404681506e-04 2.349113800024471248e-09
1.028000000000000114e+01 1.734439389257086525e-04 2.265515136530910919e-09
1.035999999999999943e+01 1.672877806980979784e-04 2.185117192455772361e-09
1.044000000000000128e+01 1.613670297263636387e-04 2.107792676309111177e-09
1.051999999999999957e+01 1.556723185398774549e-04 2.033419356837388084e-09
1.060000000000000142e+01 1.501946532727874877e-04 1.961879872479140007e-09
1.067999999999999972e+01 1.449253994765501048e-04 1.893061546869641010e-09
1.076000000000000156e+01 1.398562683934307955e-04 1.826856210302722160e-09
1.083999999999999986e+01 1.349793036829373275e-04 1.763160027049638732e-09
1.092000000000000171e+01 1.302868685926181788e-04 1.701873328427598088e-09
1.100000000000000000e+01 1.257716335642334107e-04 1.642900451504657583e-09
1.108000000000000185e+01 1.214265642659149573e-04 1.586149583322300970e-09
1.116000000000000014e+01 1.172449100406600076e-04 1.531532610513156619e-09
1.124000000000000021e+01 1.132201927612364061e-04 1.478964974187569426e-09
1.132000000000000028e+01 1.093461960814321577e-04 1.428365529960607222e-09
1.139999999999999858e+01 1.056169550733686849e-04 1.379656412988042418e-09
1.148000000000000043e+01 1.020267462406564693e-04 1.332762907880436735e-09
1.155999999999999872e+01 9.857007789694506551e-05 1.287613323361270511e-09
1.164000000000000057e+01 9.524168089955257989e-05 1.244138871536638678e-09
1.171999999999999886e+01 9.203649972781588842e-05 1.202273551643265342e-09
1.180000000000000071e+01 8.894968389586573835e-05 1.161954038142276535e-09
1.187999999999999901e+01 8.597657968962058354e-05 1.123119573027179630e-09
1.196000000000000085e+01 8.311272221787979286e-05 1.085711862215498405e-09
1.203999999999999915e+01 8.035382776753612370e-05 1.049674975895215069e-09
1.212000000000000099e+01 7.769578645303903866e-05 1.014955252698497368e-09
1.219999999999999929e+01 7.513465515044797380e-05 9.815012075778089762e-10
1.228000000000000114e+01 7.266665070651121461e-05 9.492634432606482725e-10
1.235999999999999943e+01 7.028814341344733873e-05 9.181945651622291204e-10
1.244000000000000128e+01 6.799565074027419539e-05 8.882490996375283502e-10
1.251999999999999957e+01 6.578583131172095310e-05 8.593834154565233548e-10
1.260000000000000142e+01 6.365547912597683503e-05 8.315556483892359802e-10
1.267999999999999972e+01 6.160151800273714858e-05 8.047256287898218848e-10
1.276000000000000156e+01 5.962099625322025525e-05 7.788548120716706148e-10
1.283999999999999986e+01 5.771108156404909070e-05 7.539062119683036748e-10
1.292000000000000171e+01 5.586905608711644053e-05 7.298443364777369792e-10
1.300000000000000000e+01 5.409231172776770696e-05 7.066351263907459490e-10
1.308000000000000185e+01 5.237834562386144567e-05 6.842458963063707919e-10
1.316000000000000014e+01 5.072475580849589193e-05 6.626452780409440529e-10
1.324000000000000199e+01 4.912923704940345927e-05 6.418031663396747667e-10
1.332000000000000028e+01 4.758957685823728584e-05 6.216906668026878567e-10
1.339999999999999858e+01 4.610365166320592989e-05 6.022800459404173023e-10
1.348000000000000043e+01 4.466942313869208975e-05 5.835446832755704946e-10
1.355999999999999872e+01 4.328493468576520185e-05 5.654590254124299052e-10
1.364000000000000057e+01 4.194830805763635832e-05 5.479985419960475949e-10
1.371999999999999886e+01 4.065774012436447894e-05 5.311396834872618472e-10
1.380000000000000071e+01 3.941149977129492464e-05 5.148598406816997355e-10
1.387999999999999901e+01 3.820792492592089615e-05 4.991373059036351424e-10
1.396000000000000085e+01 3.704541970804064928e-05 4.839512358079469981e-10
1.403999999999999915e+01 3.592245169828380376e-05 4.692816157260146810e-10
1.412000000000000099e+01 3.483754932024149412e-05 4.551092254934855662e-10
1.419999999999999929e+01 3.378929933163477369e-05 4.414156067004435881e-10
1.428000000000000114e+01 3.277634442010617696e-05 4.281830313064554888e-10
1.435999999999999943e+01 3.179738089940019016e-05 4.153944715653292506e-10
1.444000000000000128e+01 3.085115650184168477e-05 4.030335712062732310e-10
1.451999999999999957e+01 2.993646826319816439e-05 3.910846178204466689e-10
1.460000000000000142e+01 2.905216049613377035e-05 3.795325164034787069e-10
1.467999999999999972e+01 2.819712284863114084e-05 3.683627640067176122e-10
1.476000000000000156e+01 2.737028844387652836e-05 3.575614254515255776e-10
1.483999999999999986e+01 2.657063209825073991e-05 3.471151100628471865e-10
1.492000000000000171e+01 2.579716861418370193e-05 3.370109493797791499e-10
1.500000000000000000e+01 2.504895114476892806e-05 3.272365758026713473e-10
1.508000000000000185e+01 2.432506962713460230e-05 3.177801021375953760e-10
1.516000000000000014e+01 2.362464928170458263e-05 3.086301020007956109e-10
1.524000000000000199e+01 2.294684917456813307e-05 2.997755910468494601e-10
1.532000000000000028e+01 2.229086084031096923e-05 2.912060089860078119e-10
1.539999999999999858e+01 2.165590696273734991e-05 2.829112023571881863e-10
1.548000000000000043e+01 2.104124011102730723e-05 2.748814080245854850e-10
1.555999999999999872e+01 2.044614152897630677e-05 2.671072373672072878e-10
1.564000000000000057e+01 1.986991997503087038e-05 2.595796611315050978e-10
1.571999999999999886e+01 1.931191061095544710e-05 2.522899949188582274e-10
1.580000000000000071e+01 1.877147393703447464e-05 2.452298852805631145e-10
1.587999999999999901e+01 1.824799477179987970e-05 2.383912963941039622e-10
1.596000000000000085e+01 1.774088127437157926e-05 2.317664972957500580e-10
1.603999999999999915e+01 1.724956400754329579e-05 2.253480496451087060e-10
1.612000000000000099e+01 1.677349503992610845e-05 2.191287959996114060e-10
1.620000000000000284e+01 1.631214708529641884e-05 2.131018485747453814e-10
1.628000000000000114e+01 1.586501267773828902e-05 2.072605784716313737e-10
1.635999999999999943e+01 1.543160338090038391e-05 2.015986053500225584e-10
1.643999999999999773e+01 1.501144902992839538e-05 1.961097875279432649e-10
1.651999999999999957e+01 1.460409700467437820e-05 1.907882124897126584e-10
1.660000000000000142e+01 1.420911153284575133e-05 1.856281877849003903e-10
1.667999999999999972e+01 1.382607302179179362e-05 1.806242323012161455e-10
1.675999999999999801e+01 1.345457741773832350e-05 1.757710678958107343e-10
1.683999999999999986e+01 1.309423559128259048e-05 1.710636113694803045e-10
1.692000000000000171e+01 1.274467274807015970e-05 1.664969667697002325e-10
1.700000000000000000e+01 1.240552786357255533e-05 1.620664180083739137e-10
1.707999999999999829e+01 1.207645314099499030e-05 1.577674217816254942e-10
1.716000000000000014e+01 1.175711349132603015e-05 1.535956007787364548e-10
1.724000000000000199e+01 1.144718603465944756e-05 1.495467371688723730e-10
1.732000000000000028e+01 1.114635962188051412e-05 1.456167663537486917e-10
1.739999999999999858e+01 1.085433437593064215e-05 1.418017709759735686e-10
1.748000000000000043e+01 1.057082125182459058e-05 1.380979751722862579e-10
1.756000000000000227e+01 1.029554161470376020e-05 1.345017390623374714e-10
1.764000000000000057e+01 1.002822683516578469e-05 1.310095534630913425e-10
1.771999999999999886e+01 9.768617901219687718e-06 1.276180348203538751e-10
1.780000000000000071e+01 9.516465046162559080e-06 1.243239203482341502e-10
1.788000000000000256e+01 9.271527391783818904e-06 1.211240633687849218e-10
1.796000000000000085e+01 9.033572606242879229e-06 1.180154288432797127e-10
1.803999999999999915e+01 8.802376576065228675e-06 1.149950890878808758e-10
1.812000000000000099e+01 8.577723091657123990e-06 1.120602196658656484e-10
1.820000000000000284e+01 8.359403545815964208e-06 1.092080954495828951e-10
1.828000000000000114e+01 8.147216644675330397e-06 1.064360868448138402e-10
1.835999999999999943e+01 7.940968130597531857e-06 1.037416561711761822e-10
1.844000000000000128e+01 7.740470516483285692e-06 1.011223541916450404e-10
1.851999999999999957e+01 7.545542831044941927e-06 9.857581678526784794e-11
1.860000000000000142e+01 7.356010374547507807e-06 9.609976175659909452e-11
1.867999999999999972e+01 7.171704484574131687e-06 9.369198577606528756e-11
1.875999999999999801e+01 6.992462311380114234e-06 9.135036144556716510e-11
1.883999999999999986e+01 6.818126602386579626e-06 8.907283448345696977e-11
1.892000000000000171e+01 6.648545495430834339e-06 8.685742102388959835e-11
1.900000000000000000e+01 6.483572320343863639e-06 8.470220502493736487e-11
1.907999999999999829e+01 6.323065408491897820e-06 8.260533578072686166e-11
1.916000000000000014e+01 6.166887909900087980e-06 8.056502553260951508e-11
1.924000000000000199e+01 6.014907617606944632e-06 7.857954717477687078e-11
1.932000000000000028e+01 5.866996798903430451e-06 7.664723204980066070e-11
1.939999999999999858e+01 5.723032033139569574e-06 7.476646782995514442e-11
1.948000000000000043e+01 5.582894055777536943e-06 7.293569648012932789e-11
1.956000000000000227e+01 5.446467608402704547e-06 7.115341229856026948e-11
1.964000000000000057e+01 5.313641294409397615e-06 6.941816003168843819e-11
1.971999999999999886e+01 5.184307440099969744e-06 6.772853305972089704e-11
1.980000000000000071e+01 5.058361960941753892e-06 6.608317164956594340e-11
1.988000000000000256e+01 4.935704232758355504e-06 6.448076127222003409e-11
1.996000000000000085e+01 4.577996221435848209e-06 5.980763293992350890e-11
