# Units::   uK	 || 	 || 	 || 
4.000000000000000083e-02 1.133436563545153070e-02 1.119970711305205181e-02
1.199999999999999956e-01 1.122004210946425315e-02 1.108441844706236322e-02
2.000000000000000111e-01 1.109777321125211651e-02 1.096154286073245006e-02
2.800000000000000266e-01 1.096800821782398412e-02 1.083152172866629764e-02
3.599999999999999867e-01 1.083120266116514505e-02 1.069480133728345495e-02
4.400000000000000022e-01 1.068781618851771635e-02 1.055183085737621158e-02
5.200000000000000178e-01 1.053831050946623174e-02 1.040306040644006606e-02
6.000000000000000888e-01 1.038314743830164727e-02 1.024893920811584605e-02
6.799999999999999378e-01 1.022278703883187749e-02 1.008991385483226297e-02
7.600000000000000089e-01 1.005768587752709116e-02 9.926426678522115576e-03
8.400000000000000799e-01 9.888295389649465542e-03 9.758914233117005343e-03
9.199999999999999289e-01 9.715060361825841179e-03 9.587805891410040859e-03
1.000000000000000000e+00 9.538417533388550765e-03 9.413522557822105036e-03
1.080000000000000071e+00 9.358794317742346464e-03 9.236475497622043465e-03
1.160000000000000142e+00 9.176607644017566526e-03 9.057065282236488948e-03
1.239999999999999991e+00 8.992262918347641854e-03 8.875680849446678303e-03
1.320000000000000062e+00 8.806153103264881613e-03 8.692698676507803340e-03
1.399999999999999911e+00 8.618657912946010510e-03 8.508482063545109650e-03
1.479999999999999982e+00 8.430143121354767566e-03 8.323380523974979739e-03
1.560000000000000053e+00 8.240959979728179619e-03 8.137729278173629760e-03
1.640000000000000124e+00 8.051444739331652806e-03 7.951848846165692278e-03
1.719999999999999973e+00 7.861918274962737332e-03 7.766044734726680263e-03
1.800000000000000044e+00 7.672685804315442643e-03 7.580607213987245949e-03
1.879999999999999893e+00 7.484036698020751777e-03 7.395811178388165749e-03
1.959999999999999964e+00 7.296244374949393055e-03 7.211916086657290358e-03
2.040000000000000036e+00 7.109566277199625556e-03 7.029165975362836917e-03
2.120000000000000107e+00 6.924243919088966456e-03 6.847789540535024685e-03
2.200000000000000178e+00 6.740503004418739799e-03 6.668000281833739822e-03
2.280000000000000249e+00 6.558553606282889296e-03 6.489996703773415025e-03
2.359999999999999876e+00 6.378590403739601601e-03 6.313962568588946979e-03
2.439999999999999947e+00 6.200792969751592505e-03 6.140067195434822760e-03
2.520000000000000018e+00 6.025326104927334302e-03 5.968465800752192907e-03
2.600000000000000089e+00 5.852340211748779247e-03 5.799299874803993948e-03
2.680000000000000160e+00 5.681971704156222984e-03 5.632697589571115764e-03
2.760000000000000231e+00 5.514343447565437512e-03 5.468774233411480279e-03
2.839999999999999858e+00 5.349565224616941936e-03 5.307632668109332243e-03
2.919999999999999929e+00 5.187734222196527072e-03 5.149363804179184732e-03
3.000000000000000000e+00 5.028935535515777558e-03 4.994047090533487547e-03
3.080000000000000071e+00 4.873242685301268709e-03 4.841751014875728294e-03
3.160000000000000142e+00 4.720718144402342997e-03 4.692533611432413848e-03
3.240000000000000213e+00 4.571413870394323321e-03 4.546442972893236824e-03
3.320000000000000284e+00 4.425371841018286255e-03 4.403517763680224115e-03
3.399999999999999911e+00 4.282624589561409741e-03 4.263787731915769964e-03
3.479999999999999982e+00 4.143195737539283677e-03 4.127274217701939162e-03
3.560000000000000053e+00 4.007100522294822394e-03 3.993990655561251331e-03
3.640000000000000124e+00 3.874346317370967047e-03 3.863943069115642354e-03
3.720000000000000195e+00 3.744933143751348701e-03 3.737130556301113647e-03
3.799999999999999822e+00 3.618854170287976336e-03 3.613545763624067750e-03
3.879999999999999893e+00 3.496096201850643591e-03 3.493175348164755546e-03
3.959999999999999964e+00 3.376640153936045531e-03 3.376000426220490420e-03
4.040000000000000036e+00 3.260461512668004925e-03 3.261997007659030948e-03
4.120000000000000107e+00 3.147530779300421883e-03 3.151136415217492028e-03
4.200000000000000178e+00 3.037813898500496979e-03 3.043385688133440434e-03
4.280000000000000249e+00 2.931272669851854498e-03 2.938707969642794481e-03
4.360000000000000320e+00 2.827865142155510606e-03 2.837062878004130342e-03
4.440000000000000391e+00 2.727545990243114993e-03 2.738406860832803130e-03
4.520000000000000462e+00 2.630266874136809839e-03 2.642693532636317642e-03
4.599999999999999645e+00 2.535976780500239208e-03 2.549873995541455073e-03
4.679999999999999716e+00 2.444622346424713162e-03 2.459897143292837183e-03
4.759999999999999787e+00 2.356148165682678264e-03 2.372709948681196290e-03
4.839999999999999858e+00 2.270497077661283881e-03 2.288257734631531527e-03
4.919999999999999929e+00 2.187610439256534346e-03 2.206484429241122123e-03
5.000000000000000000e+00 2.107428380071039477e-03 2.127332805112582947e-03
5.080000000000000071e+00 2.029890041310072890e-03 2.050744703372504949e-03
5.160000000000000142e+00 1.954933798815736926e-03 1.976661242805440467e-03
5.240000000000000213e+00 1.882497470716547891e-03 1.905023014565493389e-03
5.320000000000000284e+00 1.812518510200672884e-03 1.835770262954209645e-03
5.400000000000000355e+00 1.744934183945744772e-03 1.768843052774331757e-03
5.480000000000000426e+00 1.679681736757266232e-03 1.704181423784799495e-03
5.560000000000000497e+00 1.616698542981503907e-03 1.641725532793501504e-03
5.640000000000000568e+00 1.555922245267998567e-03 1.581415783931297558e-03
5.719999999999999751e+00 1.497290881261922457e-03 1.523192947654110601e-03
5.799999999999999822e+00 1.440742998807269595e-03 1.466998269019271876e-03
5.879999999999999893e+00 1.386217760240626880e-03 1.412773565780104604e-03
5.959999999999999964e+00 1.333655036348942516e-03 1.360461316835678012e-03
6.040000000000000036e+00 1.282995490557854203e-03 1.310004741565551399e-03
6.120000000000000107e+00 1.234180653906615140e-03 1.261347870568687570e-03
6.200000000000000178e+00 1.187152991353767218e-03 1.214435608314033514e-03
6.280000000000000249e+00 1.141855959943979121e-03 1.169213788196942069e-03
6.360000000000000320e+00 1.098234059351402064e-03 1.125629220481126581e-03
6.440000000000000391e+00 1.056232875298622259e-03 1.083629733590345820e-03
6.520000000000000462e+00 1.015799116333161592e-03 1.043164209197755109e-03
6.600000000000000533e+00 9.768806444255793715e-04 1.004182611544010475e-03
6.679999999999999716e+00 9.394264998348341540e-04 9.666360113979134217e-04
6.759999999999999787e+00 9.033869206678887690e-04 9.304766050558961870e-04
6.839999999999999858e+00 8.687133575412946552e-04 8.956577287586609546e-04
6.919999999999999929e+00 8.353584837340376559e-04 8.621338688861273887e-04
7.000000000000000000e+00 8.032762012012387327e-04 8.298606682734637743e-04
7.080000000000000071e+00 7.724216428000351201e-04 7.987949289740832286e-04
7.160000000000000142e+00 7.427511710601208657e-04 7.688946117779603233e-04
7.240000000000000213e+00 7.142223738132371259e-04 7.401188327768053101e-04
7.320000000000000284e+00 6.867940569780303780e-04 7.124278572510883267e-04
7.400000000000000355e+00 6.604262347792912591e-04 6.857830911378136893e-04
7.480000000000000426e+00 6.350801176636402222e-04 6.601470703223087742e-04
7.560000000000000497e+00 6.107180981573709063e-04 6.354834479821581516e-04
7.640000000000000568e+00 5.873037348962960097e-04 6.117569801968262416e-04
7.719999999999999751e+00 5.648017350422831996e-04 5.889335100224809888e-04
7.799999999999999822e+00 5.431779352863302024e-04 5.669799502178852861e-04
7.879999999999999893e+00 5.223992816243916643e-04 5.458642647946419053e-04
7.959999999999999964e+00 5.024338080782948628e-04 5.255554495522847536e-04
8.039999999999999147e+00 4.832506145216421871e-04 5.060235117472442748e-04
8.120000000000000995e+00 4.648198437586075751e-04 4.872394490337113521e-04
8.199999999999999289e+00 4.471126579909157116e-04 4.691752278026457314e-04
8.280000000000001137e+00 4.301012147992751625e-04 4.518037610371084651e-04
8.359999999999999432e+00 4.137586427532449068e-04 4.350988857905193036e-04
8.440000000000001279e+00 3.980590167549076064e-04 4.190353403866436781e-04
8.519999999999999574e+00 3.829773332121676590e-04 4.035887414312574529e-04
8.600000000000001421e+00 3.684894851288432406e-04 3.887355607174548052e-04
8.679999999999999716e+00 3.545722371906604429e-04 3.744531020991165022e-04
8.760000000000001563e+00 3.412032009185780456e-04 3.607194783999714523e-04
8.839999999999999858e+00 3.283608099538221992e-04 3.475135884191519770e-04
8.920000000000001705e+00 3.160242955322959367e-04 3.348150940879395052e-04
9.000000000000000000e+00 3.041736621998905469e-04 3.226043978267076557e-04
9.080000000000001847e+00 2.927896638144085028e-04 3.108626201456840652e-04
9.160000000000000142e+00 2.818537798744980287e-04 2.995715775282245118e-04
9.240000000000000213e+00 2.713481922109909706e-04 2.887137606306303247e-04
9.320000000000000284e+00 2.612557620715208560e-04 2.782723128283709903e-04
9.399999999999998579e+00 2.515600076248668401e-04 2.682310091344073289e-04
9.480000000000000426e+00 2.422450819079010166e-04 2.585742355120384953e-04
9.559999999999998721e+00 2.332957512340144571e-04 2.492869686009066056e-04
9.640000000000000568e+00 2.246973740788978699e-04 2.403547558720311409e-04
9.719999999999998863e+00 2.164358804564068487e-04 2.317636962247781706e-04
9.800000000000000711e+00 2.084977517944829289e-04 2.235004210360881671e-04
9.879999999999999005e+00 2.008700013186115810e-04 2.155520756699542018e-04
9.960000000000000853e+00 1.935401549479914428e-04 2.079063014529522523e-04
1.003999999999999915e+01 1.864962327075229812e-04 2.005512181196985840e-04
1.012000000000000099e+01 1.797267306568422465e-04 1.934754067303118383e-04
1.019999999999999929e+01 1.732206033359534342e-04 1.866678930603755493e-04
1.028000000000000114e+01 1.669672467254781445e-04 1.801181314624393493e-04
1.035999999999999943e+01 1.609564817182012122e-04 1.738159891968209876e-04
1.044000000000000128e+01 1.551785380973848304e-04 1.677517312283025453e-04
1.051999999999999957e+01 1.496240390162503298e-04 1.619160054842977892e-04
1.060000000000000142e+01 1.442839859720957036e-04 1.562998285691544111e-04
1.067999999999999972e+01 1.391497442676906961e-04 1.508945719284593943e-04
1.076000000000000156e+01 1.342130289518802242e-04 1.456919484565151609e-04
1.083999999999999986e+01 1.294658912307162016e-04 1.406839995395529680e-04
1.092000000000000171e+01 1.249007053399073036e-04 1.358630825267235294e-04
1.100000000000000000e+01 1.205101558689519785e-04 1.312218586204724606e-04
1.108000000000000185e+01 1.162872255269389545e-04 1.267532811775256370e-04
1.116000000000000014e+01 1.122251833397264203e-04 1.224505844114194802e-04
1.124000000000000021e+01 1.083175732679643216e-04 1.183072724872413387e-04
1.132000000000000028e+01 1.045582032352755029e-04 1.143171089991049994e-04
1.139999999999999858e+01 1.009411345557266086e-04 1.104741068206328375e-04
1.148000000000000043e+01 9.746067174977576450e-05 1.067725183187974013e-04
1.155999999999999872e+01 9.411135273768509704e-05 1.032068259212120246e-04
1.164000000000000057e+01 9.088793939952419189e-05 9.977173302709279180e-05
1.171999999999999886e+01 8.778540849086613343e-05 9.646215525205022840e-05
1.180000000000000071e+01 8.479894290335894460e-05 9.327321199692057395e-05
1.187999999999999901e+01 8.192392325945846323e-05 9.020021833092100704e-05
1.196000000000000085e+01 7.915591983070883087e-05 8.723867717948694477e-05
1.203999999999999915e+01 7.649068476912032134e-05 8.438427180726544000e-05
1.212000000000000099e+01 7.392414464131412269e-05 8.163285858684699839e-05
1.219999999999999929e+01 7.145239325533906587e-05 7.898046004400513466e-05
1.228000000000000114e+01 6.907168477015730181e-05 7.642325817028519544e-05
1.235999999999999943e+01 6.677842707808780956e-05 7.395758799403231271e-05
1.244000000000000128e+01 6.456917545063578859e-05 7.157993140107590812e-05
1.251999999999999957e+01 6.244062643838973277e-05 6.928691119648293178e-05
1.260000000000000142e+01 6.038961201585877573e-05 6.707528539898846315e-05
1.267999999999999972e+01 5.841309396237930447e-05 6.494194175990260622e-05
1.276000000000000156e+01 5.650815847042053744e-05 6.288389249849809430e-05
1.283999999999999986e+01 5.467201097287720317e-05 6.089826924608447185e-05
1.292000000000000171e+01 5.290197118115207348e-05 5.898231819118961579e-05
1.300000000000000000e+01 5.119546832608282984e-05 5.713339541846543712e-05
1.308000000000000185e+01 4.955003659399261166e-05 5.534896243416442742e-05
1.316000000000000014e+01 4.796331075038853716e-05 5.362658187122071221e-05
1.324000000000000199e+01 4.643302194405626664e-05 5.196391336720142159e-05
1.332000000000000028e+01 4.495699368454544897e-05 5.035870960858522484e-05
1.339999999999999858e+01 4.353313798626124988e-05 4.880881253505304585e-05
1.348000000000000043e+01 4.215945167259614194e-05 4.731214969763816638e-05
1.355999999999999872e+01 4.083401283379374964e-05 4.586673076485410332e-05
1.364000000000000057e+01 3.955497743241193266e-05 4.447064417104354612e-05
1.371999999999999886e+01 3.832057605050234863e-05 4.312205390143196096e-05
1.380000000000000071e+01 3.712911077281854690e-05 4.181919640855461586e-05
1.387999999999999901e+01 3.597895220057754857e-05 4.056037765489692244e-05
1.396000000000000085e+01 3.486853659049937498e-05 3.934397027678273288e-05
1.403999999999999915e+01 3.379636311404311940e-05 3.816841086472760717e-05
1.412000000000000099e+01 3.276099123195215512e-05 3.703219735562733117e-05
1.419999999999999929e+01 3.176103817940308962e-05 3.593388653234074593e-05
1.428000000000000114e+01 3.079517655723245626e-05 3.487209162637861117e-05
1.435999999999999943e+01 2.986213202488891200e-05 3.384548001956666274e-05
1.444000000000000128e+01 2.896068109092609689e-05 3.285277104070323209e-05
1.451999999999999957e+01 2.808964899700884570e-05 3.189273385339353860e-05
1.460000000000000142e+01 2.724790769156621917e-05 3.096418543135411326e-05
1.467999999999999972e+01 2.643437388937180612e-05 3.006598861765638140e-05
1.476000000000000156e+01 2.564800721347478116e-05 2.919705026447876202e-05
1.483999999999999986e+01 2.488780841604309619e-05 2.835631945008042993e-05
1.492000000000000171e+01 2.415281767481826408e-05 2.754278576983326560e-05
1.500000000000000000e+01 2.344211296200385971e-05 2.675547769826032974e-05
1.508000000000000185e+01 2.275480848253346334e-05 2.599346101914763824e-05
1.516000000000000014e+01 2.209005317878835880e-05 2.525583732090971883e-05
1.524000000000000199e+01 2.144702929893897329e-05 2.454174255449042107e-05
1.532000000000000028e+01 2.082495102620322914e-05 2.385034565119133443e-05
1.539999999999999858e+01 2.022306316641899076e-05 2.318084719790995145e-05
1.548000000000000043e+01 1.964063989141974338e-05 2.253247816737721844e-05
1.555999999999999872e+01 1.907698353582288885e-05 2.190449870107717437e-05
1.564000000000000057e+01 1.853142344491114324e-05 2.129619694261049862e-05
1.571999999999999886e+01 1.800331487139688016e-05 2.070688791937057164e-05
1.580000000000000071e+01 1.749203791894037862e-05 2.013591247047011632e-05
1.587999999999999901e+01 1.699699653038914046e-05 1.958263621895441832e-05
1.596000000000000085e+01 1.651761751877126359e-05 1.904644858640642096e-05
1.603999999999999915e+01 1.605334963917491936e-05 1.852676184812514901e-05
1.612000000000000099e+01 1.560366269976582419e-05 1.802301022720834893e-05
1.620000000000000284e+01 1.516804671009168762e-05 1.753464902571952238e-05
1.628000000000000114e+01 1.474601106521244745e-05 1.706115379156175225e-05
1.635999999999999943e+01 1.433708376396946139e-05 1.660201951940142650e-05
1.643999999999999773e+01 1.394081065991960103e-05 1.615675988422761279e-05
1.651999999999999957e+01 1.355675474352338949e-05 1.572490650617803837e-05
1.660000000000000142e+01 1.318449545422222117e-05 1.530600824531260071e-05
1.667999999999999972e+01 1.282362802108650772e-05 1.489963052505393410e-05
1.675999999999999801e+01 1.247376283083161775e-05 1.450535468313141219e-05
1.683999999999999986e+01 1.213452482199022108e-05 1.412277734884833410e-05
1.692000000000000171e+01 1.180555290415880718e-05 1.375150984562111444e-05
1.700000000000000000e+01 1.148649940121789234e-05 1.339117761771669852e-05
1.707999999999999829e+01 1.117702951754502263e-05 1.304141968023083893e-05
1.716000000000000014e+01 1.087682082623209692e-05 1.270188809133692979e-05
1.724000000000000199e+01 1.058556277841903334e-05 1.237224744593347345e-05
1.732000000000000028e+01 1.030295623283940533e-05 1.205217438979725425e-05
1.739999999999999858e+01 1.002871300478376251e-05 1.174135715346226467e-05
1.748000000000000043e+01 9.762555433656945982e-06 1.143949510499403079e-05
1.756000000000000227e+01 9.504215968407722591e-06 1.114629832095500355e-05
1.764000000000000057e+01 9.253436770078774459e-06 1.086148717479407852e-05
1.771999999999999886e+01 9.009969330817303411e-06 1.058479194200849115e-05
1.780000000000000071e+01 8.773574108662848855e-06 1.031595242137972242e-05
1.788000000000000256e+01 8.544020177502187715e-06 1.005471757167257715e-05
1.796000000000000085e+01 8.321084891561737192e-06 9.800845163150980944e-06
1.803999999999999915e+01 8.104553563874085151e-06 9.554101443341401687e-06
1.812000000000000099e+01 7.894219158132543702e-06 9.314260816442178378e-06
1.820000000000000284e+01 7.689881993415717906e-06 9.081105535847898227e-06
1.828000000000000114e+01 7.491349461228107158e-06 8.854425409221274268e-06
1.835999999999999943e+01 7.298435754373185956e-06 8.634017515616290958e-06
1.844000000000000128e+01 7.110961607142638167e-06 8.419685934120652271e-06
1.851999999999999957e+01 6.928754046365338870e-06 8.211241483549819322e-06
1.860000000000000142e+01 6.751646152829839444e-06 8.008501472696203383e-06
1.867999999999999972e+01 6.579476832647937946e-06 7.811289460686045397e-06
1.875999999999999801e+01 6.412090598113969102e-06 7.619435026992910712e-06
1.883999999999999986e+01 6.249337357631621797e-06 7.432773550671416962e-06
1.892000000000000171e+01 6.091072214310293803e-06 7.251145998408118379e-06
1.900000000000000000e+01 5.937155272817585896e-06 7.074398720967685162e-06
1.907999999999999829e+01 5.787451454122151832e-06 6.902383257671558968e-06
1.916000000000000014e+01 5.641830317733276099e-06 6.734956148515232838e-06
1.924000000000000199e+01 5.500165891106590964e-06 6.571978753588061345e-06
1.932000000000000028e+01 5.362336505847664900e-06 6.413317079441445497e-06
1.939999999999999858e+01 5.228224640405727720e-06 6.258841612093218382e-06
1.948000000000000043e+01 5.097716768929307129e-06 6.108427156348873044e-06
1.956000000000000227e+01 4.970703215993828863e-06 5.961952681163176269e-06
1.964000000000000057e+01 4.847078016907509848e-06 5.819301170748822156e-06
1.971999999999999886e+01 4.726738783342036740e-06 5.680359481189195550e-06
1.980000000000000071e+01 4.609586574011897940e-06 5.545018202299704841e-06
1.988000000000000256e+01 4.495525770188344211e-06 5.413171524516029142e-06
1.996000000000000085e+01 4.167634728345793050e-06 5.023241478416449190e-06
