# Units::   uK	 || 	 || 	 || 
4.000000000000000083e-02 1.488537627623638150e-02 8.133961427524427634e-03
1.199999999999999956e-01 1.472033275524175025e-02 8.074944321088604188e-03
2.000000000000000111e-01 1.453574431932187772e-02 8.013072300965961778e-03
2.800000000000000266e-01 1.433275566882987601e-02 7.948461569007438804e-03
3.599999999999999867e-01 1.411256463366873139e-02 7.881229255085307056e-03
4.400000000000000022e-01 1.387641185200945426e-02 7.811493151825544407e-03
5.200000000000000178e-01 1.362557023890078288e-02 7.739371457859411073e-03
6.000000000000000888e-01 1.336133474813868890e-02 7.664982530028994524e-03
6.799999999999999378e-01 1.308501246128288172e-02 7.588444644926124402e-03
7.600000000000000089e-01 1.279791309365945970e-02 7.509875770089003907e-03
8.400000000000000799e-01 1.250133999618246831e-02 7.429393345129055824e-03
9.199999999999999289e-01 1.219658172035524915e-02 7.347114073009219405e-03
1.000000000000000000e+00 1.188490420211020353e-02 7.263153721645789623e-03
1.080000000000000071e+00 1.156754360843445344e-02 7.177626935959585328e-03
1.160000000000000142e+00 1.124569987920798556e-02 7.090647060457162115e-03
1.239999999999999991e+00 1.092053098553673503e-02 7.002325972380479303e-03
1.320000000000000062e+00 1.059314791525390459e-02 6.912773925422925451e-03
1.399999999999999911e+00 1.026461038632912534e-02 6.822099403972890601e-03
1.479999999999999982e+00 9.935923279773009598e-03 6.730408987809360574e-03
1.560000000000000053e+00 9.608033775348238936e-03 6.637807227141733282e-03
1.640000000000000124e+00 9.281829166057230587e-03 6.544396527855970806e-03
1.719999999999999973e+00 8.958135321008021262e-03 6.450277046799949253e-03
1.800000000000000044e+00 8.637715760886194999e-03 6.355546596915727896e-03
1.879999999999999893e+00 8.321271305876223531e-03 6.260300562003388164e-03
1.959999999999999964e+00 8.009440252456858853e-03 6.164631820879014346e-03
2.040000000000000036e+00 7.702799033010148191e-03 6.068630680670956436e-03
2.120000000000000107e+00 7.401863310578663327e-03 5.972384818982274211e-03
2.200000000000000178e+00 7.107089460317554501e-03 5.875979234631542418e-03
2.280000000000000249e+00 6.818876389151612601e-03 5.779496206672540479e-03
2.359999999999999876e+00 6.537567645781934209e-03 5.683015261382501175e-03
2.439999999999999947e+00 6.263453774412799067e-03 5.586613146899027486e-03
2.520000000000000018e+00 5.996774867308479230e-03 5.490363815180638977e-03
2.600000000000000089e+00 5.737723273451847232e-03 5.394338410958359614e-03
2.680000000000000160e+00 5.486446423090892907e-03 5.298605267343824664e-03
2.760000000000000231e+00 5.243049730740220564e-03 5.203229907756412760e-03
2.839999999999999858e+00 5.007599542183572075e-03 5.108275053831267364e-03
2.919999999999999929e+00 4.780126094130839401e-03 5.013800638970905381e-03
3.000000000000000000e+00 4.560626458356086509e-03 4.919863827204050064e-03
3.080000000000000071e+00 4.349067445328963673e-03 4.826519037019885890e-03
3.160000000000000142e+00 4.145388445495943805e-03 4.733817969847856078e-03
3.240000000000000213e+00 3.949504189434269001e-03 4.641809642859665019e-03
3.320000000000000284e+00 3.761307411049173190e-03 4.550540425775113570e-03
3.399999999999999911e+00 3.580671400787754227e-03 4.460054081360360044e-03
3.479999999999999982e+00 3.407452438476048055e-03 4.370391809313763087e-03
3.560000000000000053e+00 3.241492097834628751e-03 4.281592293243732979e-03
3.640000000000000124e+00 3.082619416976263398e-03 4.193691750449691363e-03
3.720000000000000195e+00 2.930652931235160769e-03 4.106723984227561054e-03
3.799999999999999822e+00 2.785402566513726311e-03 4.020720438429736289e-03
3.879999999999999893e+00 2.646671392963464032e-03 3.935710254019560844e-03
3.959999999999999964e+00 2.514257240244099564e-03 3.851720327369522866e-03
4.040000000000000036e+00 2.387954176838087434e-03 3.768775370063634500e-03
4.120000000000000107e+00 2.267553856943257951e-03 3.686897969974477652e-03
4.200000000000000178e+00 2.152846739334540564e-03 3.606108653392843533e-03
4.280000000000000249e+00 2.043623183296027282e-03 3.526425948004863545e-03
4.360000000000000320e+00 1.939674427275350256e-03 3.447866446514891853e-03
4.440000000000000391e+00 1.840793456332695012e-03 3.370444870727210603e-03
4.520000000000000462e+00 1.746775764749283538e-03 3.294174135908471083e-03
4.599999999999999645e+00 1.657420020343047069e-03 3.219065415263245352e-03
4.679999999999999716e+00 1.572528637124617507e-03 3.145128204365432202e-03
4.759999999999999787e+00 1.491908262926699416e-03 3.072370385397233707e-03
4.839999999999999858e+00 1.415370188568547492e-03 3.000798291059144935e-03
4.919999999999999929e+00 1.342730684982261329e-03 2.930416768021490946e-03
5.000000000000000000e+00 1.273811274543966464e-03 2.861229239799315243e-03
5.080000000000000071e+00 1.208438942626579053e-03 2.793237768940535441e-03
5.160000000000000142e+00 1.146446295132755224e-03 2.726443118426294214e-03
5.240000000000000213e+00 1.087671667483846531e-03 2.660844812191015714e-03
5.320000000000000284e+00 1.031959190240571821e-03 2.596441194677805674e-03
5.400000000000000355e+00 9.791588162197195720e-04 2.533229489352837455e-03
5.480000000000000426e+00 9.291263136540639381e-04 2.471205856109971299e-03
5.560000000000000497e+00 8.817232296243290466e-04 2.410365447504146837e-03
5.640000000000000568e+00 8.368168276764966678e-04 2.350702463759110628e-03
5.719999999999999751e+00 7.942800032283078848e-04 2.292210206501906974e-03
5.799999999999999822e+00 7.539911800677669834e-04 2.234881131182193340e-03
5.879999999999999893e+00 7.158341909570707304e-04 2.178706898142013758e-03
5.959999999999999964e+00 6.796981450773130744e-04 2.123678422305514714e-03
6.040000000000000036e+00 6.454772847861924446e-04 2.069785921465037721e-03
6.120000000000000107e+00 6.130708339116025963e-04 2.017018963144400368e-03
6.200000000000000178e+00 5.823828395701228372e-04 1.965366510025226120e-03
6.280000000000000249e+00 5.533220092808253205e-04 1.914816963926678885e-03
6.360000000000000320e+00 5.258015449416241632e-04 1.865358208333243138e-03
6.440000000000000391e+00 4.997389750473911398e-04 1.816977649469113040e-03
6.520000000000000462e+00 4.750559863559307406e-04 1.769662255921488616e-03
6.600000000000000533e+00 4.516782560491673366e-04 1.723398596818479737e-03
6.679999999999999716e+00 4.295352852919959597e-04 1.678172878570501417e-03
6.759999999999999787e+00 4.085602349595570510e-04 1.633970980187084490e-03
6.839999999999999858e+00 3.886897641843510575e-04 1.590778487183226210e-03
6.919999999999999929e+00 3.698638722674112470e-04 1.548580724092878677e-03
7.000000000000000000e+00 3.520257444010137628e-04 1.507362785608121246e-03
7.080000000000000071e+00 3.351216015644756610e-04 1.467109566365624399e-03
7.160000000000000142e+00 3.191005548778591051e-04 1.427805789403312556e-03
7.240000000000000213e+00 3.039144646305755142e-04 1.389436033311925020e-03
7.320000000000000284e+00 2.895178041421234811e-04 1.351984758107576583e-03
7.400000000000000355e+00 2.758675285598327360e-04 1.315436329852730322e-03
7.480000000000000426e+00 2.629229486528736098e-04 1.279775044054067392e-03
7.560000000000000497e+00 2.506456096222910938e-04 1.244985147866714201e-03
7.640000000000000568e+00 2.389991749128808033e-04 1.211050861135064922e-03
7.719999999999999751e+00 2.279493149837869329e-04 1.177956396301223577e-03
7.799999999999999822e+00 2.174636009701557077e-04 1.145685977212238449e-03
7.879999999999999893e+00 2.075114031478776698e-04 1.114223856858485113e-03
7.959999999999999964e+00 1.980637940963711832e-04 1.083554334074881284e-03
8.039999999999999147e+00 1.890934564407906139e-04 1.053661769237504865e-03
8.120000000000000995e+00 1.805745950441889943e-04 1.024530598988662115e-03
8.199999999999999289e+00 1.724828535113133356e-04 9.961453500211092486e-04
8.280000000000001137e+00 1.647952348601745452e-04 9.684906519562378217e-04
8.359999999999999432e+00 1.574900262123711796e-04 9.415512493466292798e-04
8.440000000000001279e+00 1.505467273508439608e-04 9.153120128356973971e-04
8.519999999999999574e+00 1.439459829922305062e-04 8.897579495060329614e-04
8.600000000000001421e+00 1.376695186208407029e-04 8.648742124477636593e-04
8.679999999999999716e+00 1.317000797321662389e-04 8.406461095779148990e-04
8.760000000000001563e+00 1.260213743355433893e-04 8.170591117412094638e-04
8.839999999999999858e+00 1.206180185680642982e-04 7.940988601223378544e-04
8.920000000000001705e+00 1.154754852748519607e-04 7.717511729990954002e-04
9.000000000000000000e+00 1.105800554143540154e-04 7.500020518652981277e-04
9.080000000000001847e+00 1.059187721512158079e-04 7.288376869517019857e-04
9.160000000000000142e+00 1.014793975034875592e-04 7.082444621725947007e-04
9.240000000000000213e+00 9.725037141536010249e-05 6.882089595249930381e-04
9.320000000000000284e+00 9.322077313121286397e-05 6.687179629668852559e-04
9.399999999999998579e+00 8.938028475139591234e-05 6.497584617998053815e-04
9.480000000000000426e+00 8.571915685502104780e-05 6.313176535811913922e-04
9.559999999999998721e+00 8.222817607965560269e-05 6.133829465902247051e-04
9.640000000000000568e+00 7.889863455264789678e-05 5.959419618709354454e-04
9.719999999999998863e+00 7.572230107346892170e-05 5.789825348752752768e-04
9.800000000000000711e+00 7.269139395104981375e-05 5.624927167281947461e-04
9.879999999999999005e+00 6.979855540465023408e-05 5.464607751360819714e-04
9.960000000000000853e+00 6.703682744117180016e-05 5.308751949591470135e-04
1.003999999999999915e+01 6.439962912614250314e-05 5.157246784676690473e-04
1.012000000000000099e+01 6.188073516974159543e-05 5.009981453012648384e-04
1.019999999999999929e+01 5.947425575326555059e-05 4.866847321496765291e-04
1.028000000000000114e+01 5.717461752530004500e-05 4.727737921728421971e-04
1.035999999999999943e+01 5.497654570059711307e-05 4.592548941773574064e-04
1.044000000000000128e+01 5.287504719823256366e-05 4.461178215657369346e-04
1.051999999999999957e+01 5.086539475903876638e-05 4.333525710742368027e-04
1.060000000000000142e+01 4.894311198559563741e-05 4.209493513143311937e-04
1.067999999999999972e+01 4.710395925117982389e-05 4.088985811323156503e-04
1.076000000000000156e+01 4.534392042705990319e-05 3.971908878008609950e-04
1.083999999999999986e+01 4.365919038035923999e-05 3.858171050557571125e-04
1.092000000000000171e+01 4.204616319740660132e-05 3.747682709904617739e-04
1.100000000000000000e+01 4.050142109005687734e-05 3.640356258205136499e-04
1.108000000000000185e+01 3.902172394488584136e-05 3.536106095292786372e-04
1.116000000000000014e+01 3.760399947747562847e-05 3.434848594059739229e-04
1.124000000000000021e+01 3.624533395617144201e-05 3.336502074863443006e-04
1.132000000000000028e+01 3.494296346176689534e-05 3.240986779059313000e-04
1.139999999999999858e+01 3.369426565149177068e-05 3.148224841751506853e-04
1.148000000000000043e+01 3.249675199757075592e-05 3.058140263853224307e-04
1.155999999999999872e+01 3.134806047228966362e-05 2.970658883538207918e-04
1.164000000000000057e+01 3.024594865320459801e-05 2.885708347164525167e-04
1.171999999999999886e+01 2.918828722364054796e-05 2.803218079745483662e-04
1.180000000000000071e+01 2.817305384510641937e-05 2.723119255038645341e-04
1.187999999999999901e+01 2.719832737962141431e-05 2.645344765319999208e-04
1.196000000000000085e+01 2.626228244124977757e-05 2.569829190906221315e-04
1.203999999999999915e+01 2.536318425737443141e-05 2.496508769484410257e-04
1.212000000000000099e+01 2.449938382138583799e-05 2.425321365304459130e-04
1.219999999999999929e+01 2.366931331957442412e-05 2.356206438287293948e-04
1.228000000000000114e+01 2.287148181602214695e-05 2.289105013096370876e-04
1.235999999999999943e+01 2.210447118028601839e-05 2.223959648219138918e-04
1.244000000000000128e+01 2.136693224356982077e-05 2.160714405100550809e-04
1.251999999999999957e+01 2.065758116995688125e-05 2.099314817368427247e-04
1.260000000000000142e+01 1.997519603008520133e-05 2.039707860187395033e-04
1.267999999999999972e+01 1.931861356543114567e-05 1.981841919775707069e-04
1.276000000000000156e+01 1.868672613207686791e-05 1.925666763116462251e-04
1.283999999999999986e+01 1.807847881353634117e-05 1.871133507892517678e-04
1.292000000000000171e+01 1.749286669284937979e-05 1.818194592671923935e-04
1.300000000000000000e+01 1.692893227475740056e-05 1.766803747368658284e-04
1.308000000000000185e+01 1.638576304934267818e-05 1.716915964001153490e-04
1.316000000000000014e+01 1.586248918904342126e-05 1.668487467769419193e-04
1.324000000000000199e+01 1.535828137145148239e-05 1.621475688469316810e-04
1.332000000000000028e+01 1.487234872075956538e-05 1.575839232261071481e-04
1.339999999999999858e+01 1.440393686116769394e-05 1.531537853807456563e-04
1.348000000000000043e+01 1.395232607593636448e-05 1.488532428794630213e-04
1.355999999999999872e+01 1.351682956617790467e-05 1.446784926849002553e-04
1.364000000000000057e+01 1.309679180379675533e-05 1.406258384859687162e-04
1.371999999999999886e+01 1.269158697332107443e-05 1.366916880716615335e-04
1.380000000000000071e+01 1.230061749767309035e-05 1.328725507472275520e-04
1.387999999999999901e+01 1.192331264318038674e-05 1.291650347933992146e-04
1.396000000000000085e+01 1.155912719941893835e-05 1.255658449692606657e-04
1.403999999999999915e+01 1.120754022967893839e-05 1.220717800592333708e-04
1.412000000000000099e+01 1.086805388810027408e-05 1.186797304645531635e-04
1.419999999999999929e+01 1.054019229971491827e-05 1.153866758395323512e-04
1.428000000000000114e+01 1.022350049982810922e-05 1.121896827728003401e-04
1.435999999999999943e+01 9.917543429369261694e-06 1.090859025136442121e-04
1.444000000000000128e+01 9.621904982998748208e-06 1.060725687434932159e-04
1.451999999999999957e+01 9.336187106941317980e-06 1.031469953925209494e-04
1.460000000000000142e+01 9.060008943665576056e-06 1.003065745012724668e-04
1.467999999999999972e+01 8.793006020691320924e-06 9.754877412716714930e-05
1.476000000000000156e+01 8.534829480946096210e-06 9.487113629566531266e-05
1.483999999999999986e+01 8.285145352252303022e-06 9.227127499584442615e-05
1.492000000000000171e+01 8.043633853647194406e-06 8.974687422007154175e-05
1.500000000000000000e+01 7.809988736400641062e-06 8.729568604742666909e-05
1.508000000000000185e+01 7.583916657703697292e-06 8.491552877048155214e-05
1.516000000000000014e+01 7.365136585155279827e-06 8.260428506500844736e-05
1.524000000000000199e+01 7.153379230284099325e-06 8.035990020215403803e-05
1.532000000000000028e+01 6.948386509476736738e-06 7.818038030259151549e-05
1.539999999999999858e+01 6.749911030796210911e-06 7.606379063213301211e-05
1.548000000000000043e+01 6.557715605288842132e-06 7.400825393823278712e-05
1.555999999999999872e+01 6.371572781493103149e-06 7.201194882686878459e-05
1.564000000000000057e+01 6.191264401952437995e-06 7.007310817915678592e-05
1.571999999999999886e+01 6.016581180644786936e-06 6.819001760713442857e-05
1.580000000000000071e+01 5.847322300316913047e-06 6.636101394807859680e-05
1.587999999999999901e+01 5.683295028804891827e-06 6.458448379673287644e-05
1.596000000000000085e+01 5.524314353481299011e-06 6.285886207479716807e-05
1.603999999999999915e+01 5.370202633050204040e-06 6.118263063699734647e-05
1.612000000000000099e+01 5.220789265967403502e-06 5.955431691329008407e-05
1.620000000000000284e+01 5.075910374771076659e-06 5.797249258599574214e-05
1.628000000000000114e+01 4.935408505735422848e-06 5.643577230189105614e-05
1.635999999999999943e+01 4.799132343205235702e-06 5.494281241812283686e-05
1.643999999999999773e+01 4.666936438044525546e-06 5.349230978136975453e-05
1.651999999999999957e+01 4.538680949637831568e-06 5.208300053963022599e-05
1.660000000000000142e+01 4.414231400908084963e-06 5.071365898595856187e-05
1.667999999999999972e+01 4.293458445802893621e-06 4.938309643339439629e-05
1.675999999999999801e+01 4.176237648727012737e-06 4.809016012054508700e-05
1.683999999999999986e+01 4.062449275391750596e-06 4.683373214701569301e-05
1.692000000000000171e+01 3.951978094547328096e-06 4.561272843816176252e-05
1.700000000000000000e+01 3.844713190067087126e-06 4.442609773837494740e-05
1.707999999999999829e+01 3.740547782848867113e-06 4.327282063237933312e-05
1.716000000000000014e+01 3.639379061992425733e-06 4.215190859377027283e-05
1.724000000000000199e+01 3.541108024720712550e-06 4.106240306028055315e-05
1.732000000000000028e+01 3.445639324489695176e-06 4.000337453502272270e-05
1.739999999999999858e+01 3.352881126770343060e-06 3.897392171320513017e-05
1.748000000000000043e+01 3.262744971953946172e-06 3.797317063359056721e-05
1.756000000000000227e+01 3.175145644874185304e-06 3.700027385421007927e-05
1.764000000000000057e+01 3.090001050424084256e-06 3.605440965162001656e-05
1.771999999999999886e+01 3.007232094792281096e-06 3.513478124322681436e-05
1.780000000000000071e+01 2.926762571834994008e-06 3.424061603199762084e-05
1.788000000000000256e+01 2.848519054155332504e-06 3.337116487309141252e-05
1.796000000000000085e+01 2.772430788457870228e-06 3.252570136175163956e-05
1.803999999999999915e+01 2.698429594811014419e-06 3.170352114201119569e-05
1.812000000000000099e+01 2.626449769458983410e-06 3.090394123557775146e-05
1.820000000000000284e+01 2.556427990880878574e-06 3.012629939046373062e-05
1.828000000000000114e+01 2.488303228816681451e-06 2.936995344875323731e-05
1.835999999999999943e+01 2.422016656041629259e-06 2.863428073308557225e-05
1.844000000000000128e+01 2.357511562681160702e-06 2.791867745127405294e-05
1.851999999999999957e+01 2.294733272934135693e-06 2.722255811865508337e-05
1.860000000000000142e+01 2.233629064077330789e-06 2.654535499761490622e-05
1.867999999999999972e+01 2.174148087682380455e-06 2.588651755387815450e-05
1.875999999999999801e+01 2.116241293006427215e-06 2.524551192909283600e-05
1.883999999999999986e+01 2.059861352533671366e-06 2.462182042922490989e-05
1.892000000000000171e+01 2.004962589705033799e-06 2.401494102839598155e-05
1.900000000000000000e+01 1.951500908852841670e-06 2.342438688765126087e-05
1.907999999999999829e+01 1.899433727415791139e-06 2.284968588832392446e-05
1.916000000000000014e+01 1.848719910495834020e-06 2.229038017950682837e-05
1.924000000000000199e+01 1.799319707843541997e-06 2.174602573930371226e-05
1.932000000000000028e+01 1.751194693346942766e-06 2.121619194940265634e-05
1.939999999999999858e+01 1.704307707116043765e-06 2.070046118265140588e-05
1.948000000000000043e+01 1.658622800230615524e-06 2.019842840320243435e-05
1.956000000000000227e+01 1.614105182221742729e-06 1.970970077892044149e-05
1.964000000000000057e+01 1.570721171336173068e-06 1.923389730563974752e-05
1.971999999999999886e+01 1.528438147618031709e-06 1.877064844298012266e-05
1.980000000000000071e+01 1.487224508821598129e-06 1.831959576132876068e-05
1.988000000000000256e+01 1.447049629145494646e-06 1.788039159970821151e-05
1.996000000000000085e+01 1.338659200194967298e-06 1.659024509492452830e-05
