# Units::   uK	 || 	 || 	 || 
4.000000000000000083e-02 9.257026160140988807e-03 1.336261700941872299e-02
1.199999999999999956e-01 9.167508677616663729e-03 1.323022227586369282e-02
2.000000000000000111e-01 9.074033262518207271e-03 1.308396448067139332e-02
2.800000000000000266e-01 8.976827145648553705e-03 1.292458000487537242e-02
3.599999999999999867e-01 8.876117148624400321e-03 1.275283302875233025e-02
4.400000000000000022e-01 8.772129060733031489e-03 1.256951021915648538e-02
5.200000000000000178e-01 8.665087051376802255e-03 1.237541550676965821e-02
6.000000000000000888e-01 8.555213118701289129e-03 1.217136499387813132e-02
6.799999999999999378e-01 8.442726574764207806e-03 1.195818202953620457e-02
7.600000000000000089e-01 8.327843567377240380e-03 1.173669248501964593e-02
8.400000000000000799e-01 8.210776638545375788e-03 1.150772025838333289e-02
9.199999999999999289e-01 8.091734319235880518e-03 1.127208303277857197e-02
1.000000000000000000e+00 7.970920760032574465e-03 1.103058830902083239e-02
1.080000000000000071e+00 7.848535397071988370e-03 1.078402972878657502e-02
1.160000000000000142e+00 7.724772652513554883e-03 1.053318370080748474e-02
1.239999999999999991e+00 7.599821668668058951e-03 1.027880633857060182e-02
1.320000000000000062e+00 7.473866074795238595e-03 1.002163071436166369e-02
1.399999999999999911e+00 7.347083785484440424e-03 9.762364431043158569e-03
1.479999999999999982e+00 7.219646829447103585e-03 9.501687509760247882e-03
1.560000000000000053e+00 7.091721207480298182e-03 9.240250588844346746e-03
1.640000000000000124e+00 6.963466778303812645e-03 8.978673426547817416e-03
1.719999999999999973e+00 6.835037170927187739e-03 8.717543697902049860e-03
1.800000000000000044e+00 6.706579722170085724e-03 8.457416073953725674e-03
1.879999999999999893e+00 6.578235437937115376e-03 8.198811569897695301e-03
1.959999999999999964e+00 6.450138976834222243e-03 7.942217147182573100e-03
2.040000000000000036e+00 6.322418654710567666e-03 7.688085553513046913e-03
2.120000000000000107e+00 6.195196468714901997e-03 7.436835383795924008e-03
2.200000000000000178e+00 6.068588139466495404e-03 7.188851344459350375e-03
2.280000000000000249e+00 5.942703169960717943e-03 6.944484703203453700e-03
2.359999999999999876e+00 5.817644919854233002e-03 6.704053906093365885e-03
2.439999999999999947e+00 5.693510693804548252e-03 6.467845343962806866e-03
2.520000000000000018e+00 5.570391842575755752e-03 6.236114250341398720e-03
2.600000000000000089e+00 5.448373875659350864e-03 6.009085713521941999e-03
2.680000000000000160e+00 5.327536584203629820e-03 5.786955785934107602e-03
2.760000000000000231e+00 5.207954173089950241e-03 5.569892674658832171e-03
2.839999999999999858e+00 5.089695401042404997e-03 5.358037997687798218e-03
2.919999999999999929e+00 4.972823727707422446e-03 5.151508091383474527e-03
3.000000000000000000e+00 4.857397466690348102e-03 4.950395355508223350e-03
3.080000000000000071e+00 4.743469943589642343e-03 4.754769623151924862e-03
3.160000000000000142e+00 4.631089658120081561e-03 4.564679543874386805e-03
3.240000000000000213e+00 4.520300449470728531e-03 4.380153969384546937e-03
3.320000000000000284e+00 4.411141664095293013e-03 4.201203332083557410e-03
3.399999999999999911e+00 4.303648325185089989e-03 4.027821007795703324e-03
3.479999999999999982e+00 4.197851303125624267e-03 3.859984654987018947e-03
3.560000000000000053e+00 4.093777486289683701e-03 3.697657523720990214e-03
3.640000000000000124e+00 3.991449951567533315e-03 3.540789728511373972e-03
3.720000000000000195e+00 3.890888134084202841e-03 3.389319480104094080e-03
3.799999999999999822e+00 3.792107995599766114e-03 3.243174272043379720e-03
3.879999999999999893e+00 3.695122191133852572e-03 3.102272018651377854e-03
3.959999999999999964e+00 3.599940233398294873e-03 2.966522141770915402e-03
4.040000000000000036e+00 3.506568654664391979e-03 2.835826604288425347e-03
4.120000000000000107e+00 3.415011165730689070e-03 2.710080889065270750e-03
4.200000000000000178e+00 3.325268811692253489e-03 2.589174922459750589e-03
4.280000000000000249e+00 3.237340124254393676e-03 2.472993942128770984e-03
4.360000000000000320e+00 3.151221270361138048e-03 2.361419309241373412e-03
4.440000000000000391e+00 3.066906196944924664e-03 2.254329265636685620e-03
4.520000000000000462e+00 2.984386771632705545e-03 2.151599636805299597e-03
4.599999999999999645e+00 2.903652919272088628e-03 2.053104481873871141e-03
4.679999999999999716e+00 2.824692754167783086e-03 1.958716692029118141e-03
4.759999999999999787e+00 2.747492707942323937e-03 1.868308539031484109e-03
4.839999999999999858e+00 2.672037652959611230e-03 1.781752175646038891e-03
4.919999999999999929e+00 2.598311021268681111e-03 1.698920089957099743e-03
5.000000000000000000e+00 2.526294919046323962e-03 1.619685515642123883e-03
5.080000000000000071e+00 2.455970236534096157e-03 1.543922800358003052e-03
5.160000000000000142e+00 2.387316753481813839e-03 1.471507734444513606e-03
5.240000000000000213e+00 2.320313240124381379e-03 1.402317842177230010e-03
5.320000000000000284e+00 2.254937553732221361e-03 1.336232637808549813e-03
5.400000000000000355e+00 2.191166730787615785e-03 1.273133848623298229e-03
5.480000000000000426e+00 2.128977074850085111e-03 1.212905607206955089e-03
5.560000000000000497e+00 2.068344240183483517e-03 1.155434615082310927e-03
5.640000000000000568e+00 2.009243311225970743e-03 1.100610279816379832e-03
5.719999999999999751e+00 1.951648877991531746e-03 1.048324827635735987e-03
5.799999999999999822e+00 1.895535107497529383e-03 9.984733935163899853e-04
5.879999999999999893e+00 1.840875811319462848e-03 9.509540906370417658e-04
5.959999999999999964e+00 1.787644509377107459e-03 9.056680610008138732e-04
6.040000000000000036e+00 1.735814490061274133e-03 8.625195089449993850e-04
6.120000000000000107e+00 1.685358866812794584e-03 8.214157191694097153e-04
6.200000000000000178e+00 1.636250631267861019e-03 7.822670608241820726e-04
6.280000000000000249e+00 1.588462703085522865e-03 7.449869791077743482e-04
6.360000000000000320e+00 1.541967976574246156e-03 7.094919757362400971e-04
6.440000000000000391e+00 1.496739364235024055e-03 6.757015795564004978e-04
6.520000000000000462e+00 1.452749837338595086e-03 6.435383084888526579e-04
6.600000000000000533e+00 1.409972463654005819e-03 6.129276239022773704e-04
6.679999999999999716e+00 1.368380442444952624e-03 5.837978784387116852e-04
6.759999999999999787e+00 1.327947136849375043e-03 5.560802582306494579e-04
6.839999999999999858e+00 1.288646103755910610e-03 5.297087203750146765e-04
6.919999999999999929e+00 1.250451121289968166e-03 5.046199264571829849e-04
7.000000000000000000e+00 1.213336214019140489e-03 4.807531728490487097e-04
7.080000000000000071e+00 1.177275675986373844e-03 4.580503184403887434e-04
7.160000000000000142e+00 1.142244091676500968e-03 4.364557104011145970e-04
7.240000000000000213e+00 1.108216355019359589e-03 4.159161085142131387e-04
7.320000000000000284e+00 1.075167686530023505e-03 3.963806085649271803e-04
7.400000000000000355e+00 1.043073648683920645e-03 3.778005652210374762e-04
7.480000000000000426e+00 1.011910159621735731e-03 3.601295147918554592e-04
7.560000000000000497e+00 9.816535052760728009e-04 3.433230982096594050e-04
7.640000000000000568e+00 9.522803500088467855e-04 3.273389845366648024e-04
7.719999999999999751e+00 9.237677458454443590e-04 3.121367952631161780e-04
7.799999999999999822e+00 8.960931403883539781e-04 2.976780296274382574e-04
7.879999999999999893e+00 8.692343834905098343e-04 2.839259911578863186e-04
7.959999999999999964e+00 8.431697327647996341e-04 2.708457156058476632e-04
8.039999999999999147e+00 8.178778580036912644e-04 2.584039004146646348e-04
8.120000000000000995e+00 7.933378445802243039e-04 2.465688358438583886e-04
8.199999999999999289e+00 7.695291958968405489e-04 2.353103378462244343e-04
8.280000000000001137e+00 7.464318349488278329e-04 2.245996827765962974e-04
8.359999999999999432e+00 7.240261050630081080e-04 2.144095439922551725e-04
8.440000000000001279e+00 7.022927698714284120e-04 2.047139303896797983e-04
8.519999999999999574e+00 6.812130125764541584e-04 1.954881269079012979e-04
8.600000000000001421e+00 6.607684345609893522e-04 1.867086370160764459e-04
8.679999999999999716e+00 6.409410533949966640e-04 1.783531271917187643e-04
8.760000000000001563e+00 6.217133002868673953e-04 1.704003733861091357e-04
8.839999999999999858e+00 6.030680170257803150e-04 1.628302094648090075e-04
8.920000000000001705e+00 5.849884524587094323e-04 1.556234776036143693e-04
9.000000000000000000e+00 5.674582585434868182e-04 1.487619806138238061e-04
9.080000000000001847e+00 5.504614860170117113e-04 1.422284361650913160e-04
9.160000000000000142e+00 5.339825797155803473e-04 1.360064328694168367e-04
9.240000000000000213e+00 5.180063735821594569e-04 1.300803881858444457e-04
9.320000000000000284e+00 5.025180853935471348e-04 1.244355081022024262e-04
9.399999999999998579e+00 4.875033112380733704e-04 1.190577485474635111e-04
9.480000000000000426e+00 4.729480197732908596e-04 1.139337784863844819e-04
9.559999999999998721e+00 4.588385462905381833e-04 1.090509446462767097e-04
9.640000000000000568e+00 4.451615866121487919e-04 1.043972378247578223e-04
9.719999999999998863e+00 4.319041908451817704e-04 9.996126072650619496e-05
9.800000000000000711e+00 4.190537570140335588e-04 9.573219727663132114e-05
9.879999999999999005e+00 4.065980245928251576e-04 9.169978335817710352e-05
9.960000000000000853e+00 3.945250679570144270e-04 8.785427892141668704e-05
1.003999999999999915e+01 3.828232897723552711e-04 8.418644141300137581e-05
1.012000000000000099e+01 3.714814143380168075e-04 8.068750047360362181e-05
1.019999999999999929e+01 3.604884808994766074e-04 7.734913385346729893e-05
1.028000000000000114e+01 3.498338369456220967e-04 7.416344449617152002e-05
1.035999999999999943e+01 3.395071315034140207e-04 7.112293874195985892e-05
1.044000000000000128e+01 3.294983084424049267e-04 6.822050560310355426e-05
1.051999999999999957e+01 3.197975998004407884e-04 6.544939706498483086e-05
1.060000000000000142e+01 3.103955191409212087e-04 6.280320936786518247e-05
1.067999999999999972e+01 3.012828549511323436e-04 6.027586522562840905e-05
1.076000000000000156e+01 2.924506640903208003e-04 5.786159693915573306e-05
1.083999999999999986e+01 2.838902652954122872e-04 5.555493036337573953e-05
1.092000000000000171e+01 2.755932327515170366e-04 5.335066968844013523e-05
1.100000000000000000e+01 2.675513897337036297e-04 5.124388299688503219e-05
1.108000000000000185e+01 2.597568023258389432e-04 4.922988856004029698e-05
1.116000000000000014e+01 2.522017732217083068e-04 4.730424183835819045e-05
1.124000000000000021e+01 2.448788356130327296e-04 4.546272315170002691e-05
1.132000000000000028e+01 2.377807471685203222e-04 4.370132598700502275e-05
1.139999999999999858e+01 2.309004841074251016e-04 4.201624591206370096e-05
1.148000000000000043e+01 2.242312353709301589e-04 4.040387006549815669e-05
1.155999999999999872e+01 2.177663968938487479e-04 3.886076719424697115e-05
1.164000000000000057e+01 2.114995659790316288e-04 3.738367821116786742e-05
1.171999999999999886e+01 2.054245357763490444e-04 3.596950724655314504e-05
1.180000000000000071e+01 1.995352898677861119e-04 3.461531316853358578e-05
1.187999999999999901e+01 1.938259969598799210e-04 3.331830154848954955e-05
1.196000000000000085e+01 1.882910056844012633e-04 3.207581704868998332e-05
1.203999999999999915e+01 1.829248395079244934e-04 3.088533621044378300e-05
1.212000000000000099e+01 1.777221917506260419e-04 2.974446062206990063e-05
1.219999999999999929e+01 1.726779207145173907e-04 2.865091044700130346e-05
1.228000000000000114e+01 1.677870449209271106e-04 2.760251829325223685e-05
1.235999999999999943e+01 1.630447384570160422e-04 2.659722340643300457e-05
1.244000000000000128e+01 1.584463264308181337e-04 2.563306616934906635e-05
1.251999999999999957e+01 1.539872805341740579e-04 2.470818289207016589e-05
1.260000000000000142e+01 1.496632147127503125e-04 2.382080087716730040e-05
1.267999999999999972e+01 1.454698809422145069e-04 2.296923374557610368e-05
1.276000000000000156e+01 1.414031651094971884e-04 2.215187700930382433e-05
1.283999999999999986e+01 1.374590829979638210e-04 2.136720387788211339e-05
1.292000000000000171e+01 1.336337763752216523e-04 2.061376128615803545e-05
1.300000000000000000e+01 1.299235091821865633e-04 1.989016613165793434e-05
1.308000000000000185e+01 1.263246638219624380e-04 1.919510171036570721e-05
1.316000000000000014e+01 1.228337375470189364e-04 1.852731434034945231e-05
1.324000000000000199e+01 1.194473389430769709e-04 1.788561016322578429e-05
1.332000000000000028e+01 1.161621845080777922e-04 1.726885211397692142e-05
1.339999999999999858e+01 1.129750953245688849e-04 1.667595705014726423e-05
1.348000000000000043e+01 1.098829938237451441e-04 1.610589303190946442e-05
1.355999999999999872e+01 1.068829006394841452e-04 1.555767674496264072e-05
1.364000000000000057e+01 1.039719315505264395e-04 1.503037105863755149e-05
1.371999999999999886e+01 1.011472945090624408e-04 1.452308271199583502e-05
1.380000000000000071e+01 9.840628675391487664e-05 1.403496012110461106e-05
1.387999999999999901e+01 9.574629200650850618e-05 1.356519130101104769e-05
1.396000000000000085e+01 9.316477774782449444e-05 1.311300189631180697e-05
1.403999999999999915e+01 9.065929257452786489e-05 1.267765331451573425e-05
1.412000000000000099e+01 8.822746363246119290e-05 1.225844095671573367e-05
1.419999999999999929e+01 8.586699412571759896e-05 1.185469254037723525e-05
1.428000000000000114e+01 8.357566089949681684e-05 1.146576650931807351e-05
1.435999999999999943e+01 8.135131209498378208e-05 1.109105052622760696e-05
1.444000000000000128e+01 7.919186487448045837e-05 1.072996004329755905e-05
1.451999999999999957e+01 7.709530321506455385e-05 1.038193694679161206e-05
1.460000000000000142e+01 7.505967576904190813e-05 1.004644827158386780e-05
1.467999999999999972e+01 7.308309378950824200e-05 9.722984981917566610e-06
1.476000000000000156e+01 7.116372911932632584e-05 9.411060814818350645e-06
1.483999999999999986e+01 6.929981224187755913e-05 9.110211182803851785e-06
1.492000000000000171e+01 6.748963039194973135e-05 8.819992132685646158e-06
1.500000000000000000e+01 6.573152572515875765e-05 8.539979357455744331e-06
1.508000000000000185e+01 6.402389354432179273e-05 8.269767258390080299e-06
1.516000000000000014e+01 6.236518058122873895e-05 8.008968054666361082e-06
1.524000000000000199e+01 6.075388333228182440e-05 7.757210937937929112e-06
1.532000000000000028e+01 5.918854644650404324e-05 7.514141269450208462e-06
1.539999999999999858e+01 5.766776116444562286e-05 7.279419817408530259e-06
1.548000000000000043e+01 5.619016380652010840e-05 7.052722032448993238e-06
1.555999999999999872e+01 5.475443430939137948e-05 6.833737359175521315e-06
1.564000000000000057e+01 5.335929480897298488e-05 6.622168581844518265e-06
1.571999999999999886e+01 5.200350826871022458e-05 6.417731202394218327e-06
1.580000000000000071e+01 5.068587715178851329e-05 6.220152849109473636e-06
1.587999999999999901e+01 4.940524213597170615e-05 6.029172714332131499e-06
1.596000000000000085e+01 4.816048086978362141e-05 5.844541019696737479e-06
1.603999999999999915e+01 4.695050676875670161e-05 5.666018507480506492e-06
1.612000000000000099e+01 4.577426785069186823e-05 5.493375956747664357e-06
1.620000000000000284e+01 4.463074560831962421e-05 5.326393722989432143e-06
1.628000000000000114e+01 4.351895391873036211e-05 5.164861300138379877e-06
1.635999999999999943e+01 4.243793798808556645e-05 5.008576903807747098e-06
1.643999999999999773e+01 4.138677333057520178e-05 4.857347074715985451e-06
1.651999999999999957e+01 4.036456478058442340e-05 4.710986301318096919e-06
1.660000000000000142e+01 3.937044553701743991e-05 4.569316660707176270e-06
1.667999999999999972e+01 3.840357623869149293e-05 4.432167476905893973e-06
1.675999999999999801e+01 3.746314406991044455e-05 4.299374995717055641e-06
1.683999999999999986e+01 3.654836189514617091e-05 4.170782075339850197e-06
1.692000000000000171e+01 3.565846742199598910e-05 4.046237892004761308e-06
1.700000000000000000e+01 3.479272239141022166e-05 3.925597659906555889e-06
1.707999999999999829e+01 3.395041179440658983e-05 3.808722364754996757e-06
1.716000000000000014e+01 3.313084311432442546e-05 3.695478510289006579e-06
1.724000000000000199e+01 3.233334559389351958e-05 3.585737877134002625e-06
1.732000000000000028e+01 3.155726952621750960e-05 3.479377293385685222e-06
1.739999999999999858e+01 3.080198556900315063e-05 3.376278416362148327e-06
1.748000000000000043e+01 3.006688408119117896e-05 3.276327524948203596e-06
1.756000000000000227e+01 2.935137448136224800e-05 3.179415322008868748e-06
1.764000000000000057e+01 2.865488462713194413e-05 3.085436746342737722e-06
1.771999999999999886e+01 2.797686021494889507e-05 2.994290793678518944e-06
1.780000000000000071e+01 2.731676419956208447e-05 2.905880346231866861e-06
1.788000000000000256e+01 2.667407623261430587e-05 2.820112010358153539e-06
1.796000000000000085e+01 2.604829211967052654e-05 2.736895961840868310e-06
1.803999999999999915e+01 2.543892329517924317e-05 2.656145798398552482e-06
1.812000000000000099e+01 2.484549631471910338e-05 2.577778398981791552e-06
1.820000000000000284e+01 2.426755236406199769e-05 2.501713789472904059e-06
1.828000000000000114e+01 2.370464678444946649e-05 2.427875014399779088e-06
1.835999999999999943e+01 2.315634861363634765e-05 2.356188014311992224e-06
1.844000000000000128e+01 2.262224014214237876e-05 2.286581508470627701e-06
1.851999999999999957e+01 2.210191648429284234e-05 2.218986882534792792e-06
1.860000000000000142e+01 2.159498516352304919e-05 2.153338080940560903e-06
1.867999999999999972e+01 2.110106571153501237e-05 2.089571503694930753e-06
1.875999999999999801e+01 2.061978928085602208e-05 2.027625907323133680e-06
1.883999999999999986e+01 2.015079827034714133e-05 1.967442309728303974e-06
1.892000000000000171e+01 1.969374596329436595e-05 1.908963898756650688e-06
1.900000000000000000e+01 1.924829617761594373e-05 1.852135944258090057e-06
1.907999999999999829e+01 1.881412292785690919e-05 1.796905713481987133e-06
1.916000000000000014e+01 1.839091009852334986e-05 1.743222389644476769e-06
1.924000000000000199e+01 1.797835112843727934e-05 1.691036993536484018e-06
1.932000000000000028e+01 1.757614870569680670e-05 1.640302308055879503e-06
1.939999999999999858e+01 1.718401447293270282e-05 1.590972805569076355e-06
1.948000000000000043e+01 1.680166874246489817e-05 1.543004578014556443e-06
1.956000000000000227e+01 1.642884022106948406e-05 1.496355269687043701e-06
1.964000000000000057e+01 1.606526574397094294e-05 1.450984012642851402e-06
1.971999999999999886e+01 1.571069001779424234e-05 1.406851364693094661e-06
1.980000000000000071e+01 1.536486537210370162e-05 1.363919249934972995e-06
1.988000000000000256e+01 1.502755151927836374e-05 1.322150901814362360e-06
1.996000000000000085e+01 1.397095973066214850e-05 1.218614819833696561e-06
