# Units::   1 / Mpc	 || Mpc3 uK2	 || Mpc3 uK2	 || 
6.183300418061591502e-03 1.605315566801826062e+05 6.117689909868751420e+04
6.369148553822487693e-03 1.605367238978271780e+05 6.117884023822077870e+04
6.560582627065073176e-03 1.604869533744830987e+05 6.116014322619223094e+04
6.757770531308547254e-03 1.604168100925447361e+05 6.113379289475087717e+04
6.960885206357330518e-03 1.603021268839092227e+05 6.109071050004686549e+04
7.170104789974559786e-03 1.601601772619418625e+05 6.103738508550322877e+04
7.385612774114327927e-03 1.599927297234634752e+05 6.097448101235446666e+04
7.607598165849717778e-03 1.597765277803043718e+05 6.089326164674922620e+04
7.836255653137778540e-03 1.595334919117302343e+05 6.080196173160277976e+04
8.071785775566796273e-03 1.592507845856384665e+05 6.069575866357466293e+04
8.314395100235624086e-03 1.589142652501048869e+05 6.056934034121096192e+04
8.564296402919332335e-03 1.585530159132724802e+05 6.043363183862242295e+04
8.821708854680049977e-03 1.581441406072832178e+05 6.028003195659141784e+04
9.086858214086661334e-03 1.576856849533435015e+05 6.010780650465025974e+04
9.359977025211962953e-03 1.571823439733663981e+05 5.991871923522273573e+04
9.641304821580903850e-03 1.566262723349877342e+05 5.970982293651108193e+04
9.931088336248797277e-03 1.560234885381870263e+05 5.948337854448606231e+04
1.022958171819371258e-02 1.553632809615124133e+05 5.923536208468096447e+04
1.053704675521289699e-02 1.546611991769563174e+05 5.897161497717828752e+04
1.085375310351864749e-02 1.539106605988031661e+05 5.868966437909772503e+04
1.117997852423503746e-02 1.530962330094785721e+05 5.838371295622963953e+04
1.151600912700288457e-02 1.522404780862693151e+05 5.806223632673654356e+04
1.186213962090663411e-02 1.513349921275179950e+05 5.772207751937492867e+04
1.221867357294321652e-02 1.503716058502032829e+05 5.736016762562915392e+04
1.258592367425954289e-02 1.493652961279331357e+05 5.698213292320723849e+04
1.296421201439219156e-02 1.483140243662296270e+05 5.658720758480975928e+04
1.335387036374975286e-02 1.472071591206400481e+05 5.617139775561152055e+04
1.375524046458557331e-02 1.460557922476792592e+05 5.573887025084254856e+04
1.416867433071615848e-02 1.448560124593879736e+05 5.528815573899683659e+04
1.459453455624800181e-02 1.436076740973379056e+05 5.481919950139344292e+04
1.503319463358368177e-02 1.423087342949653394e+05 5.433123410586273530e+04
1.548503928098609109e-02 1.409650608700104058e+05 5.382646388242770627e+04
1.595046477998807513e-02 1.395694722180360986e+05 5.330219095822062081e+04
1.642987932294341646e-02 1.381260472267512523e+05 5.275994762600095419e+04
1.692370337102399452e-02 1.366406626325673133e+05 5.220194156621876027e+04
1.743237002297702912e-02 1.351188832448257599e+05 5.163026327943945216e+04
1.795632539496589894e-02 1.335502091814368032e+05 5.104096833412924025e+04
1.849602901182761938e-02 1.319508709937445528e+05 5.044015397004620172e+04
1.905195421009014262e-02 1.303284841404517356e+05 4.983068104364509054e+04
1.962458855310289171e-02 1.286806657894068776e+05 4.921165440979978302e+04
2.021443425864474092e-02 1.270128264203636500e+05 4.858510659294916695e+04
2.082200863938427765e-02 1.253286217397984146e+05 4.795241091174392204e+04
2.144784455657879063e-02 1.236284022774644691e+05 4.731369904772112204e+04
2.209249088740986022e-02 1.219237232730376127e+05 4.667331189265150169e+04
2.275651300636535868e-02 1.202139619379064970e+05 4.603101548704709421e+04
2.344049328109013355e-02 1.185040387373519334e+05 4.538865827437123517e+04
2.414503158314017239e-02 1.167957917799972347e+05 4.474693076653200842e+04
2.487074581408825480e-02 1.151058644969565357e+05 4.411208530750389036e+04
2.561827244744249027e-02 1.134305194675615348e+05 4.348271788152620138e+04
2.638826708685294842e-02 1.117706054508351226e+05 4.285914733711804001e+04
2.718140504109609404e-02 1.101342791793911747e+05 4.224443786805410491e+04
2.799838191634115847e-02 1.085170365800553118e+05 4.163689745454718650e+04
2.883991422621795531e-02 1.069203141896405432e+05 4.103706575228634028e+04
2.970674002022118468e-02 1.053479453292212856e+05 4.044638280339737685e+04
3.059961953100233042e-02 1.037994607131244848e+05 3.986467231397610885e+04
3.151933584111689390e-02 1.022681854914283322e+05 3.928942678076775337e+04
3.246669556981167382e-02 1.007570623649391928e+05 3.872175167160102865e+04
3.344252958045442620e-02 9.925438424609249341e+04 3.815724905086442595e+04
3.444769370922635965e-02 9.775806543971919746e+04 3.759513539720754488e+04
3.548306951571660733e-02 9.625133822301539476e+04 3.702911167469719658e+04
3.654956505607682288e-02 9.474938684822084906e+04 3.646488206580317637e+04
3.764811567941413195e-02 9.321381247120010084e+04 3.588802149314145208e+04
3.877968484812081146e-02 9.165586065973110090e+04 3.530275451578599314e+04
3.994526498286019023e-02 9.006074290328164352e+04 3.470352561732417234e+04
4.114587833294983121e-02 8.840507012521507568e+04 3.408154835514235310e+04
4.238257787290531514e-02 8.670757398958239355e+04 3.344385954791440599e+04
4.365644822593106600e-02 8.493490200201430707e+04 3.277792985203479475e+04
4.496860661516792479e-02 8.310858087167079793e+04 3.209184608502234187e+04
4.632020384353191522e-02 8.119342693025316112e+04 3.137239099648081901e+04
4.771242530300350698e-02 7.922546678584844631e+04 3.063309849924644004e+04
4.914649201425250191e-02 7.717121729159259121e+04 2.986139016822723352e+04
5.062366169751041090e-02 7.506291465730872005e+04 2.906937599870398844e+04
5.214522987562943135e-02 7.289915939535954385e+04 2.825653025304268886e+04
5.371253101029549448e-02 7.071244425531405432e+04 2.743505929936467510e+04
5.532693967239186300e-02 6.849254301563317131e+04 2.660112151065310536e+04
5.698987174753968044e-02 6.628689403898055025e+04 2.577253778927635722e+04
5.870278567787286239e-02 6.411361581589602429e+04 2.495611460647086278e+04
6.046718374113631972e-02 6.197530622158322512e+04 2.415282789137435248e+04
6.228461336822932459e-02 5.993516898426321131e+04 2.338642103239022981e+04
6.415666850034956736e-02 5.796180781113250850e+04 2.264509956113122826e+04
6.608499098692827145e-02 5.611541973805762973e+04 2.195147735882785855e+04
6.807127202558213575e-02 5.436749591740575124e+04 2.129484466734818488e+04
7.011725364534518445e-02 5.275923273680861166e+04 2.069067750147632250e+04
7.222473023448144902e-02 5.124377565966698603e+04 2.012137428149143307e+04
7.439555011421805641e-02 4.984870849364922469e+04 1.959729726097487946e+04
7.663161715977948041e-02 4.851952111140412308e+04 1.909796892757021487e+04
7.893489247014395804e-02 4.725935226536708069e+04 1.862456839871677585e+04
8.130739608798723261e-02 4.602320049759271933e+04 1.816019023030877725e+04
8.375120877132152808e-02 4.480740099044254748e+04 1.770345768095663152e+04
8.626847381838373408e-02 4.356467244675990514e+04 1.723660885220584169e+04
8.886139894737338230e-02 4.228478108181354764e+04 1.675579927581774245e+04
9.153225823268880401e-02 4.097685828211383341e+04 1.626445928830378034e+04
9.428339409935965199e-02 3.960100012594142754e+04 1.574759840826565051e+04
9.711721937742510968e-02 3.821980880547643028e+04 1.522873404845215919e+04
1.000362194180594577e-01 3.680647207610548503e+04 1.469779380402674360e+04
1.030429542733008186e-01 3.542932278771356505e+04 1.418044789162374400e+04
1.061400609412947449e-01 3.406406689577061479e+04 1.366756990444085386e+04
1.093302556790221036e-01 3.277703414059478382e+04 1.318407756222972057e+04
1.126163363845392174e-01 3.155749751135309998e+04 1.272594110928158443e+04
1.160011850508198689e-01 3.042058231606296249e+04 1.229884258482239238e+04
1.194877702933509062e-01 2.937011772936483976e+04 1.190422047331044632e+04
1.230791499536985356e-01 2.838732479246516232e+04 1.153502018912245148e+04
1.267784737813286156e-01 2.745567005982760747e+04 1.118503070594611563e+04
1.305889861960331522e-01 2.654447919321335212e+04 1.084272876799697406e+04
1.345140291333851157e-01 2.565189922501556430e+04 1.050741828137635457e+04
1.385570449757179690e-01 2.473947862803931639e+04 1.016465437755213497e+04
1.427215795711999635e-01 2.383234368201457255e+04 9.823876104434175431e+03
1.470112853436509881e-01 2.290523766583885663e+04 9.475595411937278186e+03
1.514299244958297597e-01 2.200263175423573557e+04 9.136518535657645771e+03
1.559813723090003323e-01 2.110961852998726317e+04 8.801045290178028154e+03
1.606696205416717760e-01 2.026071996026708075e+04 8.482144348361975062e+03
1.654987809304922508e-01 1.944660967047188387e+04 8.176312123619967679e+03
1.704730887963673558e-01 1.867117138477777917e+04 7.885007592726962685e+03
1.755969067589657484e-01 1.793185436558059155e+04 7.607272534461598298e+03
1.808747285628696522e-01 1.720355315178058663e+04 7.333675721731483463e+03
1.863111830187256790e-01 1.650125714103881910e+04 7.069848137084907648e+03
1.919110380628530066e-01 1.579677821924117961e+04 6.805200510543516430e+03
1.976792049388690908e-01 1.510955399283393490e+04 6.547034858182578319e+03
2.036207425049998132e-01 1.442380626671135724e+04 6.289423874362930292e+03
2.097408616708524853e-01 1.376374090621685173e+04 6.041460840108746197e+03
2.160449299675424317e-01 1.311480425752129668e+04 5.797678466301495064e+03
2.225384762551814721e-01 1.249360346287796892e+04 5.564315464483812320e+03
2.292271955718568344e-01 1.188724243792048583e+04 5.336527235316189035e+03
2.361169541283532625e-01 1.130278149248511727e+04 5.116966085607244167e+03
2.432137944529985107e-01 1.072511554148019241e+04 4.899957573163571396e+03
2.505239406911450306e-01 1.016228364232120475e+04 4.688521685381259886e+03
2.580538040639355213e-01 9.614010732737122453e+03 4.482555091167037062e+03
2.658099884911390154e-01 9.079334655816694067e+03 4.281696342456170896e+03
2.737992963829897208e-01 8.566100213324107244e+03 4.088892451718940265e+03
2.820287346061086664e-01 8.067703716715525843e+03 3.901662648494403584e+03
2.905055206287390224e-01 7.588585862601531517e+03 3.721675144253227245e+03
2.992370888506861726e-01 7.122667480052585233e+03 3.546646211110781678e+03
3.082310971235127095e-01 6.675759972102508073e+03 3.378758986095283490e+03
3.174954334667076106e-01 6.244250195125496248e+03 3.216656139902287123e+03
3.270382229857202172e-01 5.832436480036741159e+03 3.061952402283950960e+03
3.368678349979253861e-01 5.438360848031301430e+03 2.913912230376587104e+03
3.469928903727700353e-01 5.063436365383242446e+03 2.773066462824199334e+03
3.574222690925380475e-01 4.706929834963524627e+03 2.639139663593171463e+03
3.681651180403660018e-01 4.370009059990378773e+03 2.512570534737473281e+03
3.792308590223384401e-01 4.052889395519802292e+03 2.393439977477383763e+03
3.906291970306990935e-01 3.755838571618401147e+03 2.281848568458261980e+03
4.023701287554251049e-01 3.479005463876799695e+03 2.177852234934267472e+03
4.144639513516285567e-01 3.222488193294113898e+03 2.081487837468187990e+03
4.269212714704755940e-01 2.986302322328408536e+03 1.992761222320943716e+03
4.397530145615433650e-01 2.770325973314462317e+03 1.911626604396869425e+03
4.529704344547720862e-01 2.574229218488752394e+03 1.837960041592311654e+03
4.665851232304167873e-01 2.397532303505046457e+03 1.771581307295622537e+03
4.806090213856555327e-01 2.239736183882284877e+03 1.712302928278911395e+03
4.950544283067691009e-01 2.099943204367297312e+03 1.659787687451850616e+03
5.099340130560785500e-01 1.977342010290120243e+03 1.613730787777874411e+03
5.252608254830986034e-01 1.870893784907451845e+03 1.573741982825157265e+03
5.410483076696531723e-01 1.779480095020824365e+03 1.539401117096834469e+03
5.573103057189918719e-01 1.701859473444876130e+03 1.510241815611526135e+03
5.740610818992438746e-01 1.636759138511134324e+03 1.485785939652453635e+03
5.913153271518628573e-01 1.582902672523248611e+03 1.465553984576734592e+03
6.090881739760301006e-01 1.538928981808974868e+03 1.449034635994804376e+03
6.273952097003172579e-01 1.503587146647242434e+03 1.435757967944462735e+03
6.462524901532493704e-01 1.475595224862499208e+03 1.425242400432859995e+03
6.656765537447559833e-01 1.453800216265070958e+03 1.417054792376339492e+03
6.856844359708603731e-01 1.437117779918954739e+03 1.410787795526155151e+03
7.062936843543300425e-01 1.424589196632445237e+03 1.406081253246309188e+03
7.275223738343887803e-01 1.415361023733426464e+03 1.402614557537646760e+03
7.493891226189883792e-01 1.408706200663654954e+03 1.400114577657519021e+03
7.719131085135459980e-01 1.404011699455009648e+03 1.398351020843792185e+03
7.951140857404641604e-01 1.400776980007929978e+03 1.397135852017999241e+03
8.190124022641855905e-01 1.398602734492826130e+03 1.396319065458051455e+03
8.436290176369783955e-01 1.397179178570857857e+03 1.395784286227132725e+03
8.689855213811032986e-01 1.396272602338239494e+03 1.395443717842730848e+03
8.951041519234821386e-01 1.395711927375131836e+03 1.395233092238960126e+03
9.220078160994764627e-01 1.395375631310713516e+03 1.395106757791598056e+03
9.497201092428810831e-01 1.395180225947558256e+03 1.395033350960005919e+03
9.782653358797515075e-01 1.395070295730664157e+03 1.394992054094925152e+03
1.007668531044212390e+00 1.395010561475196937e+03 1.394969614063798872e+03
1.037955482234948157e+00 1.394979103897018831e+03 1.394957796572680536e+03
1.069152752031623965e+00 1.394962880980734781e+03 1.394951702201142552e+03
1.101287701391079343e+00 1.394954843394917134e+03 1.394948682766573029e+03
1.134388513643720398e+00 1.394950816529452823e+03 1.394947170016717109e+03
1.168484219211160635e+00 1.394948768949657733e+03 1.394946400813953915e+03
1.203604721066785288e+00 1.394947661169039065e+03 1.394945984660251952e+03
1.239780820961571717e+00 1.394947001396511723e+03 1.394945736807224648e+03
1.277044246438164166e+00 1.394946566009106846e+03 1.394945573247691527e+03
1.315427678656893917e+00 1.394946259343844758e+03 1.394945458044481029e+03
1.354964781058155765e+00 1.394946024633029765e+03 1.394945369871991716e+03
1.395690228886270479e+00 1.394945846680825980e+03 1.394945303021690279e+03
1.437639739600732325e+00 1.394945697117595046e+03 1.394945246836114393e+03
1.480850104201508977e+00 1.394945578113700321e+03 1.394945202130591724e+03
1.525359219495870722e+00 1.394945480422450828e+03 1.394945165431470741e+03
1.571206121335045225e+00 1.394945395569552147e+03 1.394945133555260327e+03
1.618431018849852077e+00 1.394945324422583553e+03 1.394945106827879727e+03
1.667075329715333787e+00 1.394945264786096459e+03 1.394945084424576180e+03
1.717181716475319364e+00 1.394945214625679000e+03 1.394945065581094923e+03
1.768794123958777664e+00 1.394945172596411567e+03 1.394945049792196869e+03
1.821957817820771597e+00 1.394945137526696499e+03 1.394945036617754567e+03
1.876719424241817702e+00 1.394945107222013803e+03 1.394945025233365641e+03
1.933126970820469026e+00 1.394945081584276295e+03 1.394945015602181002e+03
1.991229928694981943e+00 1.394945059721468851e+03 1.394945007389103466e+03
2.051079255931012923e+00 1.394945041008693579e+03 1.394945000359380629e+03
2.112727442213399698e+00 1.394945025709891070e+03 1.394944994612165829e+03
2.176228554881209476e+00 1.394945013828967376e+03 1.394944990148926308e+03
2.241638286346447018e+00 1.394945005031690926e+03 1.394944986844103369e+03
2.309014002937997745e+00 1.394944998691453293e+03 1.394944984462301136e+03
2.378414795213647182e+00 1.394944994317513874e+03 1.394944982819167990e+03
2.449901529784302312e+00 1.394944991770956676e+03 1.394944981862517352e+03
2.523536902695863837e+00 1.394944991484477441e+03 1.394944981754897299e+03
2.599385494415571429e+00 1.394944994022734136e+03 1.394944982708430189e+03
2.677513826471040748e+00 1.394944999207220235e+03 1.394944984656056704e+03
2.757990419791676029e+00 1.394945005473950232e+03 1.394944987010243949e+03
2.840885854803610222e+00 1.394945010224302223e+03 1.394944988794781921e+03
2.926272833330890499e+00 1.394945010813685940e+03 1.394944989016192267e+03
3.014226242357196828e+00 1.394945006212513135e+03 1.394944987287695767e+03
3.104823219704007986e+00 1.394944998424216237e+03 1.394944984361909974e+03
3.198143221682825388e+00 1.394944990439008279e+03 1.394944981362151566e+03
3.294268092780779700e+00 1.394944984713864642e+03 1.394944979211419422e+03
3.393282137440741142e+00 1.394944981844017548e+03 1.394944978133320319e+03
3.495272193998885335e+00 1.394944981123334173e+03 1.394944977862585120e+03
3.600327710844566376e+00 1.394944981600144047e+03 1.394944978041705781e+03
3.708540824869279717e+00 1.394944982119548740e+03 1.394944978236827410e+03
3.820006442273519376e+00 1.394944981590898124e+03 1.394944978038232648e+03
3.934822321802417200e+00 1.394944979814811859e+03 1.394944977371020059e+03
4.053089160483140496e+00 1.394944977871391757e+03 1.394944976640946379e+03
4.174910681939254076e+00 1.394944976638653088e+03 1.394944976177850549e+03
4.300393727359502094e+00 1.394944976105325168e+03 1.394944975977498189e+03
4.429648349200787649e+00 1.394944975952522555e+03 1.394944975920095658e+03
4.562787907707532398e+00 1.394944975929575776e+03 1.394944975911475467e+03
4.699929170332067585e+00 1.394944975934948616e+03 1.394944975913494090e+03
4.841192414143256073e+00 1.394944975958022042e+03 1.394944975922161575e+03
4.986701531313139313e+00 1.394944976029291183e+03 1.394944975948935053e+03
5.136584137774153014e+00 1.394944976170345626e+03 1.394944976001924033e+03
5.290971685142194403e+00 1.394944976390247348e+03 1.394944976084533437e+03
5.449999576003692781e+00 1.394944976562536112e+03 1.394944976149256036e+03
5.613807282667812260e+00 1.394944976440409391e+03 1.394944976103377257e+03
5.782538469487912280e+00 1.394944976180571302e+03 1.394944976005765511e+03
5.956341118859571182e+00 1.394944976040115534e+03 1.394944975953001403e+03
6.135367661005654227e+00 1.394944975985593146e+03 1.394944975932519128e+03
6.319775107662277236e+00 1.394944975956739881e+03 1.394944975921679998e+03
6.509725189782878729e+00 1.394944975944467387e+03 1.394944975917069542e+03
6.705384499381191077e+00 1.394944975947702460e+03 1.394944975918284626e+03
6.906924635637528453e+00 1.394944975945945316e+03 1.394944975917624788e+03
7.114522355396492692e+00 1.394944975922657022e+03 1.394944975908876359e+03
7.328359728188118538e+00 1.394944975910602807e+03 1.394944975904347984e+03
7.548624295908402004e+00 1.394944975902813212e+03 1.394944975901421685e+03
7.775509237299261578e+00 1.394944975901457838e+03 1.394944975900912368e+03
8.009213537372179559e+00 1.394944975903272052e+03 1.394944975901594034e+03
8.249942161924138873e+00 1.394944975902336182e+03 1.394944975901242515e+03
8.497906237298867183e+00 1.394944975900838244e+03 1.394944975900679765e+03
8.753323235551068393e+00 1.394944975900634972e+03 1.394944975900603367e+03
9.016417165176063619e+00 1.394944975900597683e+03 1.394944975900589270e+03
9.287418767572058087e+00 1.394944975900591771e+03 1.394944975900587224e+03
9.566565719407389423e+00 1.394944975900600866e+03 1.394944975900590407e+03
9.854102841070211838e+00 1.394944975900756390e+03 1.394944975900649069e+03
