# Units::   1 / Mpc	 || Mpc3 uK2	 || Mpc3 uK2	 || 
6.183300418061591502e-03 1.038493781444650231e+05 9.493956632433857885e+04
6.369148553822487693e-03 1.038547469073874963e+05 9.494110946486942703e+04
6.560582627065073176e-03 1.038247799059775716e+05 9.491033923671115190e+04
6.757770531308547254e-03 1.037817407786401018e+05 9.486756467173555575e+04
6.960885206357330518e-03 1.037100291542088235e+05 9.479861175488273147e+04
7.170104789974559786e-03 1.036207931613725523e+05 9.471361469245488115e+04
7.385612774114327927e-03 1.035151869858230348e+05 9.461360092483117478e+04
7.607598165849717778e-03 1.033781604648278008e+05 9.448495969319385767e+04
7.836255653137778540e-03 1.032238477227812109e+05 9.434055947872348770e+04
8.071785775566796273e-03 1.030439460270458803e+05 9.417288321542444464e+04
8.314395100235624086e-03 1.028293660456306388e+05 9.397360922852205113e+04
8.564296402919332335e-03 1.025988101615956111e+05 9.375984969216334866e+04
8.821708854680049977e-03 1.023375595262671122e+05 9.351812772735142789e+04
9.086858214086661334e-03 1.020442416318912437e+05 9.324738275896770938e+04
9.359977025211962953e-03 1.017219358575675142e+05 9.295033208478028246e+04
9.641304821580903850e-03 1.013655405413941044e+05 9.262240354788102559e+04
9.931088336248797277e-03 1.009789483456512098e+05 9.226712071805771848e+04
1.022958171819371258e-02 1.005551974936116894e+05 9.187823733850626741e+04
1.053704675521289699e-02 1.001043473926612351e+05 9.146485850894167379e+04
1.085375310351864749e-02 9.962214352490167948e+04 9.102312667800301278e+04
1.117997852423503746e-02 9.909855805373980547e+04 9.054404160617725574e+04
1.151600912700288457e-02 9.854821214516148029e+04 9.004079185101237090e+04
1.186213962090663411e-02 9.796566365515475627e+04 8.950846247568730905e+04
1.221867357294321652e-02 9.734559083813389589e+04 8.894229904203460319e+04
1.258592367425954289e-02 9.669766621658187069e+04 8.835108278218518535e+04
1.296421201439219156e-02 9.602058939968750929e+04 8.773360551128024235e+04
1.335387036374975286e-02 9.530748775999473582e+04 8.708363933323090896e+04
1.375524046458557331e-02 9.456549554788808746e+04 8.640770878669714148e+04
1.416867433071615848e-02 9.379209414789121365e+04 8.570351492995404988e+04
1.459453455624800181e-02 9.298715455967046728e+04 8.497099913582860609e+04
1.503319463358368177e-02 9.214938268222918850e+04 8.420894431232054194e+04
1.548503928098609109e-02 9.128250839802442351e+04 8.342083714292477816e+04
1.595046477998807513e-02 9.038189638572304102e+04 8.260246248473366722e+04
1.642987932294341646e-02 8.945017737422684149e+04 8.175621519902940781e+04
1.692370337102399452e-02 8.849114124622551026e+04 8.088554389017540962e+04
1.743237002297702912e-02 8.750840131623312482e+04 7.999369580452213995e+04
1.795632539496589894e-02 8.649514468691326329e+04 7.907453814945480553e+04
1.849602901182761938e-02 8.546187529234524118e+04 7.813756835337703524e+04
1.905195421009014262e-02 8.441352495733815886e+04 7.718724056075364933e+04
1.962458855310289171e-02 8.334853667993238196e+04 7.622217131435705232e+04
2.021443425864474092e-02 8.227042445306752052e+04 7.524551504833025683e+04
2.082200863938427765e-02 8.118156744152797910e+04 7.425940041060699150e+04
2.144784455657879063e-02 8.008219986332650296e+04 7.326402564852497017e+04
2.209249088740986022e-02 7.897979088625923032e+04 7.226615952841364197e+04
2.275651300636535868e-02 7.787394758050239761e+04 7.126542862294174847e+04
2.344049328109013355e-02 7.676787097199531854e+04 7.026469855076486419e+04
2.414503158314017239e-02 7.566273968180187512e+04 6.926505246276318212e+04
2.487074581408825480e-02 7.456937888155931432e+04 6.827618823791472823e+04
2.561827244744249027e-02 7.348535378094935731e+04 6.729593062264316541e+04
2.638826708685294842e-02 7.241123214836242551e+04 6.632476050811925961e+04
2.718140504109609404e-02 7.135234951869134966e+04 6.536740762963410816e+04
2.799838191634115847e-02 7.030576465169085714e+04 6.442125622095348081e+04
2.883991422621795531e-02 6.927243289835655014e+04 6.348712677243664075e+04
2.970674002022118468e-02 6.825485855336923851e+04 6.256724495872084663e+04
3.059961953100233042e-02 6.725275009121232142e+04 6.166132681747294555e+04
3.151933584111689390e-02 6.626179079658663250e+04 6.076546418222634384e+04
3.246669556981167382e-02 6.528391701375401317e+04 5.988135533301359828e+04
3.344252958045442620e-02 6.431153138422937627e+04 5.900216544801037526e+04
3.444769370922635965e-02 6.334329927456041332e+04 5.812666463338437461e+04
3.548306951571660733e-02 6.236835261866059591e+04 5.724505247538480035e+04
3.654956505607682288e-02 6.139653779173257499e+04 5.636620449555049709e+04
3.764811567941413195e-02 6.040295155739929760e+04 5.546768750607119728e+04
3.877968484812081146e-02 5.939488590568226209e+04 5.455607552205959655e+04
3.994526498286019023e-02 5.836274049465382268e+04 5.362273834581184929e+04
4.114587833294983121e-02 5.729133189967224462e+04 5.265402374213175062e+04
4.238257787290531514e-02 5.619278730473884207e+04 5.166089519438209391e+04
4.365644822593106600e-02 5.504546336324109870e+04 5.062387623870502284e+04
4.496860661516792479e-02 5.386328697744201054e+04 4.955557276453258237e+04
4.632020384353191522e-02 5.262342078845261858e+04 4.843544198919337214e+04
4.771242530300350698e-02 5.134917719386819226e+04 4.728457523176116229e+04
4.914649201425250191e-02 5.001883892428430408e+04 4.608340711608641868e+04
5.062366169751041090e-02 4.865327325195281446e+04 4.485080094785934489e+04
5.214522987562943135e-02 4.725156295281403436e+04 4.358594191459911235e+04
5.371253101029549448e-02 4.583474766239734890e+04 4.230783695562552020e+04
5.532693967239186300e-02 4.439625072167072358e+04 4.101045925892474770e+04
5.698987174753968044e-02 4.296681241025558847e+04 3.972154111178803578e+04
5.870278567787286239e-02 4.155821508304600138e+04 3.845163686691045586e+04
6.046718374113631972e-02 4.017223574110207119e+04 3.720218351292959414e+04
6.228461336822932459e-02 3.884981736774538876e+04 3.601014530172919331e+04
6.415666850034956736e-02 3.757078864624740527e+04 3.485701788556117390e+04
6.608499098692827145e-02 3.637412496646428190e+04 3.377802675153351447e+04
6.807127202558213575e-02 3.524152108885667258e+04 3.275636376438518346e+04
7.011725364534518445e-02 3.419962255062771874e+04 3.181616192219340519e+04
7.222473023448144902e-02 3.321826483908568480e+04 3.092986606816225685e+04
7.439555011421805641e-02 3.231521828237735463e+04 3.011369744680241638e+04
7.663161715977948041e-02 3.145531619275529738e+04 2.933566052954642510e+04
7.893489247014395804e-02 3.064046143060753457e+04 2.859770631077020516e+04
8.130739608798723261e-02 2.984154934012512967e+04 2.787348090124458031e+04
8.375120877132152808e-02 2.905602672368119966e+04 2.716099405929733985e+04
8.626847381838373408e-02 2.825331979176812092e+04 2.643254849078294137e+04
8.886139894737338230e-02 2.742666559128946028e+04 2.568226940679991458e+04
9.153225823268880401e-02 2.658182214515307714e+04 2.491562573427841562e+04
9.428339409935965199e-02 2.569311657447410107e+04 2.410912702771011391e+04
9.711721937742510968e-02 2.480076555125348750e+04 2.329966188296534165e+04
1.000362194180594577e-01 2.388768775654390265e+04 2.247130314064708364e+04
1.030429542733008186e-01 2.299790513298332371e+04 2.166421405209202203e+04
1.061400609412947449e-01 2.211610820524919836e+04 2.086382603284582365e+04
1.093302556790221036e-01 2.128503761978092007e+04 2.010912112152040936e+04
1.126163363845392174e-01 2.049807708012539297e+04 1.939355028223489353e+04
1.160011850508198689e-01 1.976505370812373440e+04 1.872593927759917642e+04
1.194877702933509062e-01 1.908844436213469453e+04 1.810853573355708795e+04
1.230791499536985356e-01 1.845615169594542022e+04 1.753030575537926052e+04
1.267784737813286156e-01 1.785740613968810067e+04 1.698163331517734696e+04
1.305889861960331522e-01 1.727236395363546399e+04 1.644455837382558821e+04
1.345140291333851157e-01 1.669956737967349545e+04 1.591821124880278876e+04
1.385570449757179690e-01 1.611431583128540478e+04 1.537992837934597992e+04
1.427215795711999635e-01 1.553249289441023393e+04 1.484472842448052870e+04
1.470112853436509881e-01 1.493808430221436538e+04 1.429754840884802979e+04
1.514299244958297597e-01 1.435952150442343373e+04 1.376470814079547927e+04
1.559813723090003323e-01 1.378759099107846305e+04 1.323712006459700569e+04
1.606696205416717760e-01 1.324442712650612702e+04 1.273516560302133985e+04
1.654987809304922508e-01 1.272425237678282792e+04 1.225317319494805088e+04
1.704730887963673558e-01 1.222954218553034480e+04 1.179345018615700792e+04
1.755969067589657484e-01 1.175856074849591459e+04 1.135457559033693178e+04
1.808747285628696522e-01 1.129525107561222103e+04 1.092169571694678234e+04
1.863111830187256790e-01 1.084887224647109542e+04 1.050395073609586507e+04
1.919110380628530066e-01 1.040149300609190686e+04 1.008458089667823697e+04
1.976792049388690908e-01 9.965352884221449131e+03 9.675245677639089990e+03
2.036207425049998132e-01 9.530588599424279892e+03 9.266420344566342465e+03
2.097408616708524853e-01 9.112558165891181488e+03 8.872529693295789912e+03
2.160449299675424317e-01 8.702197518001075878e+03 8.484761075418147811e+03
2.225384762551814721e-01 8.309959595250964412e+03 8.113080700691087259e+03
2.292271955718568344e-01 7.927670772450048389e+03 7.749796824457378534e+03
2.361169541283532625e-01 7.559642227196261956e+03 7.399256237555363441e+03
2.432137944529985107e-01 7.196304148810050719e+03 7.052446317318126603e+03
2.505239406911450306e-01 6.842650807550327954e+03 6.714245777300572627e+03
2.580538040639355213e-01 6.498526378222591120e+03 6.384475462996608258e+03
2.658099884911390154e-01 6.163361314483900969e+03 6.062528332185251202e+03
2.737992963829897208e-01 5.842055496016284451e+03 5.753143352841932938e+03
2.820287346061086664e-01 5.530438368827537488e+03 5.452369548963933994e+03
2.905055206287390224e-01 5.231213651809101975e+03 5.162947563904523122e+03
2.992370888506861726e-01 4.940535413890987911e+03 4.881245870746094624e+03
3.082310971235127095e-01 4.661999246647058499e+03 4.610803521359644037e+03
3.174954334667076106e-01 4.393344009946998085e+03 4.349441689077426417e+03
3.270382229857202172e-01 4.137224139696035309e+03 4.099782117516595463e+03
3.368678349979253861e-01 3.892382716230587448e+03 3.860670371760327271e+03
3.469928903727700353e-01 3.659656477273160817e+03 3.632998242926879357e+03
3.574222690925380475e-01 3.438556454204107922e+03 3.416348710265876434e+03
3.681651180403660018e-01 3.229783335511641326e+03 3.211451161367229815e+03
3.792308590223384401e-01 3.033445071404393730e+03 3.018457847808312181e+03
3.906291970306990935e-01 2.849678361461001259e+03 2.837555951712850856e+03
4.023701287554251049e-01 2.678546746354088100e+03 2.668859963722291013e+03
4.144639513516285567e-01 2.520086147935725876e+03 2.512450318023238651e+03
4.269212714704755940e-01 2.374284228142915254e+03 2.368354828515866757e+03
4.397530145615433650e-01 2.241044176019969200e+03 2.236517143487299563e+03
4.529704344547720862e-01 2.120141914781290780e+03 2.116753004332568253e+03
4.665851232304167873e-01 2.011263166031846367e+03 2.008784835080953371e+03
4.806090213856555327e-01 1.914084098411157584e+03 1.912321326287643615e+03
4.950544283067691009e-01 1.828036399099003120e+03 1.826826652745314050e+03
5.099340130560785500e-01 1.752607342666473869e+03 1.751815710124108591e+03
5.252608254830986034e-01 1.687146175098078402e+03 1.686662625063919450e+03
5.410483076696531723e-01 1.630955024904129459e+03 1.630691257156599249e+03
5.573103057189918719e-01 1.583261807735161256e+03 1.583148954145767220e+03
5.740610818992438746e-01 1.543276896003806087e+03 1.543262468061562004e+03
5.913153271518628573e-01 1.510210363905528311e+03 1.510254710219529670e+03
6.090881739760301006e-01 1.483221248114822629e+03 1.483295901306589940e+03
6.273952097003172579e-01 1.461537406553987921e+03 1.461622801515854007e+03
6.462524901532493704e-01 1.444368530405802858e+03 1.444452423913453458e+03
6.656765537447559833e-01 1.431004540276843954e+03 1.431079920919889901e+03
6.856844359708603731e-01 1.420778268519574567e+03 1.420841893918224969e+03
7.062936843543300425e-01 1.413100325724246659e+03 1.413151393753288858e+03
7.275223738343887803e-01 1.407446368653973877e+03 1.407485652137362877e+03
7.493891226189883792e-01 1.403370004898153638e+03 1.403399061484725053e+03
7.719131085135459980e-01 1.400495039334819921e+03 1.400515749013751702e+03
7.951140857404641604e-01 1.398514451072179554e+03 1.398528692815760905e+03
8.190124022641855905e-01 1.397183424291741176e+03 1.397192872096921974e+03
8.436290176369783955e-01 1.396312102249852160e+03 1.396318138650311084e+03
8.689855213811032986e-01 1.395757296747089413e+03 1.395761001800525264e+03
8.951041519234821386e-01 1.395414224033393566e+03 1.395416398206013810e+03
9.220078160994764627e-01 1.395208472660924826e+03 1.395209681573172475e+03
9.497201092428810831e-01 1.395088931712040903e+03 1.395089559127543225e+03
9.782653358797515075e-01 1.395021682408039851e+03 1.395021979948196758e+03
1.007668531044212390e+00 1.394985141462017054e+03 1.394985257554708824e+03
1.037955482234948157e+00 1.394965896425088204e+03 1.394965920029677363e+03
1.069152752031623965e+00 1.394955966283101588e+03 1.394955951988815968e+03
1.101287701391079343e+00 1.394951044444805575e+03 1.394951015025857942e+03
1.134388513643720398e+00 1.394948574901038455e+03 1.394948544659699337e+03
1.168484219211160635e+00 1.394947317119702120e+03 1.394947290255431881e+03
1.203604721066785288e+00 1.394946635195568433e+03 1.394946612798074511e+03
1.239780820961571717e+00 1.394946228153548645e+03 1.394946210067333368e+03
1.277044246438164166e+00 1.394945959258625408e+03 1.394945944541292420e+03
1.315427678656893917e+00 1.394945769908625152e+03 1.394945757479822305e+03
1.354964781058155765e+00 1.394945624964315584e+03 1.394945614328717511e+03
1.395690228886270479e+00 1.394945515174321372e+03 1.394945505705483583e+03
1.437639739600732325e+00 1.394945422613354822e+03 1.394945414648125279e+03
1.480850104201508977e+00 1.394945348993856442e+03 1.394945342176626582e+03
1.525359219495870722e+00 1.394945288620970359e+03 1.394945282638099798e+03
1.571206121335045225e+00 1.394945235945862123e+03 1.394945231119401114e+03
1.618431018849852077e+00 1.394945191755364476e+03 1.394945187938691788e+03
1.667075329715333787e+00 1.394945154761247068e+03 1.394945151704612044e+03
1.717181716475319364e+00 1.394945123669248005e+03 1.394945121208703767e+03
1.768794123958777664e+00 1.394945097630622286e+03 1.394945095645184438e+03
1.821957817820771597e+00 1.394945075909808338e+03 1.394945074309296842e+03
1.876719424241817702e+00 1.394945057118324257e+03 1.394945055890841559e+03
1.933126970820469026e+00 1.394945041227139427e+03 1.394945040303790392e+03
1.991229928694981943e+00 1.394945027681878173e+03 1.394945027007239560e+03
2.051079255931012923e+00 1.394945016090118315e+03 1.394945015624746702e+03
2.112727442213399698e+00 1.394945006623618383e+03 1.394945006309664905e+03
2.176228554881209476e+00 1.394944999283703282e+03 1.394944999065734009e+03
2.241638286346447018e+00 1.394944993854031281e+03 1.394944993697648897e+03
2.309014002937997745e+00 1.394944989939849620e+03 1.394944989829820315e+03
2.378414795213647182e+00 1.394944987238133081e+03 1.394944987162846473e+03
2.449901529784302312e+00 1.394944985665283184e+03 1.394944985609992273e+03
2.523536902695863837e+00 1.394944985494039429e+03 1.394944985430555789e+03
2.599385494415571429e+00 1.394944987075083191e+03 1.394944986967287150e+03
2.677513826471040748e+00 1.394944990294835634e+03 1.394944990114036955e+03
2.757990419791676029e+00 1.394944994176807540e+03 1.394944993925706058e+03
2.840885854803610222e+00 1.394944997111497287e+03 1.394944996821663835e+03
2.926272833330890499e+00 1.394944997466783889e+03 1.394944997188444404e+03
3.014226242357196828e+00 1.394944994609850710e+03 1.394944994395355479e+03
3.104823219704007986e+00 1.394944989793400282e+03 1.394944989651394508e+03
3.198143221682825388e+00 1.394944984861014973e+03 1.394944984782358006e+03
3.294268092780779700e+00 1.394944981328378617e+03 1.394944981288098006e+03
3.393282137440741142e+00 1.394944979560556476e+03 1.394944979534060849e+03
3.495272193998885335e+00 1.394944979117971798e+03 1.394944979092516178e+03
3.600327710844566376e+00 1.394944979411214263e+03 1.394944979384307089e+03
3.708540824869279717e+00 1.394944979728869612e+03 1.394944979703604076e+03
3.820006442273519376e+00 1.394944979402876697e+03 1.394944979380821451e+03
3.934822321802417200e+00 1.394944978309007865e+03 1.394944978295184455e+03
4.053089160483140496e+00 1.394944977112546894e+03 1.394944977106830720e+03
4.174910681939254076e+00 1.394944976354282289e+03 1.394944976352479443e+03
4.300393727359502094e+00 1.394944976026363292e+03 1.394944976026004724e+03
4.429648349200787649e+00 1.394944975932459784e+03 1.394944975932427724e+03
4.562787907707532398e+00 1.394944975918364662e+03 1.394944975918368982e+03
4.699929170332067585e+00 1.394944975921666128e+03 1.394944975921659534e+03
4.841192414143256073e+00 1.394944975935830371e+03 1.394944975935802631e+03
4.986701531313139313e+00 1.394944975979542505e+03 1.394944975979520450e+03
5.136584137774153014e+00 1.394944976065983155e+03 1.394944976066105710e+03
5.290971685142194403e+00 1.394944976200747305e+03 1.394944976201088366e+03
5.449999576003692781e+00 1.394944976306078615e+03 1.394944976307056777e+03
5.613807282667812260e+00 1.394944976231264945e+03 1.394944976232066665e+03
5.782538469487912280e+00 1.394944976072098825e+03 1.394944976072509917e+03
5.956341118859571182e+00 1.394944975986029931e+03 1.394944975986287091e+03
6.135367661005654227e+00 1.394944975952613959e+03 1.394944975952821778e+03
6.319775107662277236e+00 1.394944975934951117e+03 1.394944975935094135e+03
6.509725189782878729e+00 1.394944975927428686e+03 1.394944975927562155e+03
6.705384499381191077e+00 1.394944975929400925e+03 1.394944975929556449e+03
6.906924635637528453e+00 1.394944975928311351e+03 1.394944975928488702e+03
7.114522355396492692e+00 1.394944975914080942e+03 1.394944975914158704e+03
7.328359728188118538e+00 1.394944975906706304e+03 1.394944975906748596e+03
7.548624295908402004e+00 1.394944975901947373e+03 1.394944975901955104e+03
7.775509237299261578e+00 1.394944975901118369e+03 1.394944975901121552e+03
8.009213537372179559e+00 1.394944975902225224e+03 1.394944975902239321e+03
8.249942161924138873e+00 1.394944975901654061e+03 1.394944975901663156e+03
8.497906237298867183e+00 1.394944975900739564e+03 1.394944975900740701e+03
8.753323235551068393e+00 1.394944975900615418e+03 1.394944975900615418e+03
9.016417165176063619e+00 1.394944975900592226e+03 1.394944975900592226e+03
9.287418767572058087e+00 1.394944975900589043e+03 1.394944975900589043e+03
9.566565719407389423e+00 1.394944975900594500e+03 1.394944975900594500e+03
9.854102841070211838e+00 1.394944975900689542e+03 1.394944975900690451e+03
