# Units::   1 / Mpc	 || Mpc3 uK2	 || Mpc3 uK2	 || 
6.183300418061591502e-03 9.704995798421055952e+04 1.008906548999625666e+05
6.369148553822487693e-03 9.705334009060538665e+04 1.008936013453679188e+05
6.560582627065073176e-03 9.702370175489224494e+04 1.008621980892350693e+05
6.757770531308547254e-03 9.698182182838978770e+04 1.008180533833655936e+05
6.960885206357330518e-03 9.691316718467752798e+04 1.007460643339563394e+05
7.170104789974559786e-03 9.682812419907527510e+04 1.006570271737673756e+05
7.385612774114327927e-03 9.672775838850131549e+04 1.005520449542985589e+05
7.607598165849717778e-03 9.659807836631487589e+04 1.004165901523263747e+05
7.836255653137778540e-03 9.645226380049034196e+04 1.002643641440340580e+05
8.071785775566796273e-03 9.628259234930554521e+04 1.000873468241529918e+05
8.314395100235624086e-03 9.608056564537297527e+04 9.987669596319987613e+04
8.564296402919332335e-03 9.586366078258045309e+04 9.965059830657327257e+04
8.821708854680049977e-03 9.561811936434925883e+04 9.939473435323954618e+04
9.086858214086661334e-03 9.534274876687179494e+04 9.910790110324180569e+04
9.359977025211962953e-03 9.504037932064867346e+04 9.879302541341562755e+04
9.641304821580903850e-03 9.470628716400812846e+04 9.844521085408567160e+04
9.931088336248797277e-03 9.434409300866516423e+04 9.806821702737823944e+04
1.022958171819371258e-02 9.394734815381444059e+04 9.765535743489474407e+04
1.053704675521289699e-02 9.352540566716258763e+04 9.721634742729378922e+04
1.085375310351864749e-02 9.307430679268701351e+04 9.674707349624193739e+04
1.117997852423503746e-02 9.258476101874692540e+04 9.623790231594472425e+04
1.151600912700288457e-02 9.207034479766925506e+04 9.570292416387179401e+04
1.186213962090663411e-02 9.152600152489625907e+04 9.513689046502295241e+04
1.221867357294321652e-02 9.094681123330988339e+04 9.453470363572135102e+04
1.258592367425954289e-02 9.034178060515451944e+04 9.390572310443095921e+04
1.296421201439219156e-02 8.970968643407040508e+04 9.324867195149062900e+04
1.335387036374975286e-02 8.904413393641141010e+04 9.255690777258525486e+04
1.375524046458557331e-02 8.835178963757691963e+04 9.183736604861976230e+04
1.416867433071615848e-02 8.763030253134614031e+04 9.108760131868580356e+04
1.459453455624800181e-02 8.687957960555116006e+04 9.030752827979566064e+04
1.503319463358368177e-02 8.609839618754514959e+04 8.949586623292716104e+04
1.548503928098609109e-02 8.529027154188275745e+04 8.865629218456208764e+04
1.595046477998807513e-02 8.445088853969558841e+04 8.778431614589998208e+04
1.642987932294341646e-02 8.358269915859609318e+04 8.688248819637473207e+04
1.692370337102399452e-02 8.268923734672984574e+04 8.595448089868192619e+04
1.743237002297702912e-02 8.177385290773710585e+04 8.500376832329189347e+04
1.795632539496589894e-02 8.083022704493408673e+04 8.402379344610654516e+04
1.849602901182761938e-02 7.986812487588763179e+04 8.302469417362862441e+04
1.905195421009014262e-02 7.889212848407684942e+04 8.201122706014782307e+04
1.962458855310289171e-02 7.790080219525762368e+04 8.098190584946468880e+04
2.021443425864474092e-02 7.689740420079878822e+04 7.994010669111531752e+04
2.082200863938427765e-02 7.588413614878077351e+04 7.888811066645800020e+04
2.144784455657879063e-02 7.486121069673505554e+04 7.782613474412010692e+04
2.209249088740986022e-02 7.383557854430461884e+04 7.676139816448297643e+04
2.275651300636535868e-02 7.280686719291278860e+04 7.569350947476668807e+04
2.344049328109013355e-02 7.177804006021108944e+04 7.462553881811341853e+04
2.414503158314017239e-02 7.075020177558534488e+04 7.355863557182523073e+04
2.487074581408825480e-02 6.973337405201999354e+04 7.250318692006725178e+04
2.561827244744249027e-02 6.872530608226162440e+04 7.145686065331130521e+04
2.638826708685294842e-02 6.772651222998721641e+04 7.042018284709057480e+04
2.718140504109609404e-02 6.674190860235852597e+04 6.939823929090559250e+04
2.799838191634115847e-02 6.576878145506633155e+04 6.838822070238311426e+04
2.883991422621795531e-02 6.480799929000668635e+04 6.739101987989745976e+04
2.970674002022118468e-02 6.386187174852699536e+04 6.640902773762171273e+04
3.059961953100233042e-02 6.293011839642526320e+04 6.544194912827834924e+04
3.151933584111689390e-02 6.200872378898015450e+04 6.448561430661132908e+04
3.246669556981167382e-02 6.109946293542139756e+04 6.354185663015412865e+04
3.344252958045442620e-02 6.019528925153381715e+04 6.260336677358647285e+04
3.444769370922635965e-02 5.929494907259757747e+04 6.166884092883693665e+04
3.548306951571660733e-02 5.838835228877444024e+04 6.072780742914204166e+04
3.654956505607682288e-02 5.748463468778786773e+04 5.978975099310749647e+04
3.764811567941413195e-02 5.656068775548040139e+04 5.883069271659525111e+04
3.877968484812081146e-02 5.562327721231675241e+04 5.785765742883755593e+04
3.994526498286019023e-02 5.466350062896520103e+04 5.686141320487672056e+04
4.114587833294983121e-02 5.366727972427614441e+04 5.582735719044611324e+04
4.238257787290531514e-02 5.264588187482958165e+04 5.476719282142042357e+04
4.365644822593106600e-02 5.157923417040993081e+04 5.366009372854523099e+04
4.496860661516792479e-02 5.048028427050669416e+04 5.251951060581774072e+04
4.632020384353191522e-02 4.932785701630194671e+04 5.132347368708432623e+04
4.771242530300350698e-02 4.814362310373991204e+04 5.009449165448786516e+04
4.914649201425250191e-02 4.690743492594542477e+04 4.881165197241876012e+04
5.062366169751041090e-02 4.563868602238017775e+04 4.749509184613741672e+04
5.214522987562943135e-02 4.433653507961517607e+04 4.614393593382827385e+04
5.371253101029549448e-02 4.302053180930022063e+04 4.477847959295957116e+04
5.532693967239186300e-02 4.168453590712503501e+04 4.339232122770233400e+04
5.698987174753968044e-02 4.035709266019149800e+04 4.201508792011091282e+04
5.870278567787286239e-02 3.904911409511674719e+04 4.065808473736955784e+04
6.046718374113631972e-02 3.776218322251029895e+04 3.932291226344739698e+04
6.228461336822932459e-02 3.653432697890298004e+04 3.804904938139938895e+04
6.415666850034956736e-02 3.534668909772929328e+04 3.681684821208218636e+04
6.608499098692827145e-02 3.423548208387178602e+04 3.566391575644046679e+04
6.807127202558213575e-02 3.318358405998667877e+04 3.457241115120340692e+04
7.011725364534518445e-02 3.221577048343958813e+04 3.356807886940660683e+04
7.222473023448144902e-02 3.130388477983090706e+04 3.262161565985753259e+04
7.439555011421805641e-02 3.046450042516172107e+04 3.175027630768369636e+04
7.663161715977948041e-02 2.966484602560213534e+04 3.091998533646313808e+04
7.893489247014395804e-02 2.890678165668156726e+04 3.013273481122016528e+04
8.130739608798723261e-02 2.816323870176345372e+04 2.936040841798053589e+04
8.375120877132152808e-02 2.743197603636203712e+04 2.860075678298772254e+04
8.626847381838373408e-02 2.668455675273247471e+04 2.782423554544365470e+04
8.886139894737338230e-02 2.591479866086774200e+04 2.702447955859286230e+04
9.153225823268880401e-02 2.512816708109948377e+04 2.620722360238902547e+04
9.428339409935965199e-02 2.430069024360271942e+04 2.534750202456512488e+04
9.711721937742510968e-02 2.346997129812954881e+04 2.448448514293960761e+04
1.000362194180594577e-01 2.261993677130967262e+04 2.360136109575628507e+04
1.030429542733008186e-01 2.179165508989022419e+04 2.274086080834306995e+04
1.061400609412947449e-01 2.097059309585268784e+04 2.188771807111862290e+04
1.093302556790221036e-01 2.019661507910450018e+04 2.108341178265056442e+04
1.126163363845392174e-01 1.946332951577283166e+04 2.032117352221536930e+04
1.160011850508198689e-01 1.877984001734628328e+04 1.961044764829293490e+04
1.194877702933509062e-01 1.814844700388511774e+04 1.895363013372225032e+04
1.230791499536985356e-01 1.755786213504432453e+04 1.833898044312182174e+04
1.267784737813286156e-01 1.699812451061879983e+04 1.775618630681451032e+04
1.305889861960331522e-01 1.645078275218261115e+04 1.718608340110868085e+04
1.345140291333851157e-01 1.591467319494126787e+04 1.662756754616539547e+04
1.385570449757179690e-01 1.536670198208470720e+04 1.605657614922596986e+04
1.427215795711999635e-01 1.482191357958139633e+04 1.548888309887019568e+04
1.470112853436509881e-01 1.426517966158795753e+04 1.490863837188263824e+04
1.514299244958297597e-01 1.372318622541847071e+04 1.434369654687059665e+04
1.559813723090003323e-01 1.318704840237483768e+04 1.378465407301803134e+04
1.606696205416717760e-01 1.267749246823665271e+04 1.325312257197831241e+04
1.654987809304922508e-01 1.218895592214476892e+04 1.274322352440303803e+04
1.704730887963673558e-01 1.172376650180607976e+04 1.225739275222034303e+04
1.755969067589657484e-01 1.128037296824548685e+04 1.179405517834321290e+04
1.808747285628696522e-01 1.084370930815024258e+04 1.133748686561542127e+04
1.863111830187256790e-01 1.042270912356608642e+04 1.089714308738053296e+04
1.919110380628530066e-01 1.000047560886787505e+04 1.045534821923307209e+04
1.976792049388690908e-01 9.588637394729103107e+03 1.002431558712859805e+04
2.036207425049998132e-01 9.177769034130633372e+03 9.594115971752060432e+03
2.097408616708524853e-01 8.782372969217200080e+03 9.179935789674751504e+03
2.160449299675424317e-01 8.393761180863597474e+03 8.772610040774650770e+03
2.225384762551814721e-01 8.021867655621427730e+03 8.382575075836472024e+03
2.292271955718568344e-01 7.658967406928954006e+03 8.001738542810969193e+03
2.361169541283532625e-01 7.309258912937717469e+03 7.634564345770201726e+03
2.432137944529985107e-01 6.963694748690684719e+03 7.271573100885258100e+03
2.505239406911450306e-01 6.627071417992159695e+03 6.917830104796415071e+03
2.580538040639355213e-01 6.299227574144408209e+03 6.573159041852293740e+03
2.658099884911390154e-01 5.979594408971616758e+03 6.236947948425571667e+03
2.737992963829897208e-01 5.672857537993801998e+03 5.914134252699086574e+03
2.820287346061086664e-01 5.375064053784932184e+03 5.600571037289475498e+03
2.905055206287390224e-01 5.088853174705511265e+03 5.299067568235819635e+03
2.992370888506861726e-01 4.810584660371205246e+03 5.005807739735229006e+03
3.082310971235127095e-01 4.543723166948604558e+03 4.724456192351017307e+03
3.174954334667076106e-01 4.286109806185015259e+03 4.452739727447966288e+03
3.270382229857202172e-01 4.040306270339840921e+03 4.193369823255438860e+03
3.368678349979253861e-01 3.805136706311436228e+03 3.945121099561626124e+03
3.469928903727700353e-01 3.581436509549424954e+03 3.708892312901706646e+03
3.574222690925380475e-01 3.368761928185092984e+03 3.484228344757183095e+03
3.681651180403660018e-01 3.167805108067189394e+03 3.271870049732870484e+03
3.792308590223384401e-01 2.978689706254415341e+03 3.071958390034941203e+03
3.906291970306990935e-01 2.801569907266160499e+03 2.884668116529756389e+03
4.023701287554251049e-01 2.636529100338891112e+03 2.710098962576363647e+03
4.144639513516285567e-01 2.483621124366364711e+03 2.548317883939277635e+03
4.269212714704755940e-01 2.342851122014111752e+03 2.399339205358159688e+03
4.397530145615433650e-01 2.214142391075527939e+03 2.263090480738886981e+03
4.529704344547720862e-01 2.097294456140045440e+03 2.139367783680841512e+03
4.665851232304167873e-01 1.992017976445283921e+03 2.027872209187882845e+03
4.806090213856555327e-01 1.898012550144281704e+03 1.928292209862688651e+03
4.950544283067691009e-01 1.814740516642186776e+03 1.840064457601011100e+03
5.099340130560785500e-01 1.741716071641126973e+03 1.762679603475116437e+03
5.252608254830986034e-01 1.678318300844104442e+03 1.695484319179559179e+03
5.410483076696531723e-01 1.623879216750310206e+03 1.637774643452562259e+03
5.573103057189918719e-01 1.577657830342987836e+03 1.588768650647204367e+03
5.740610818992438746e-01 1.538894821397592295e+03 1.547664300393070789e+03
5.913153271518628573e-01 1.506829065434885706e+03 1.513656863330179021e+03
6.090881739760301006e-01 1.480649205631209725e+03 1.485887941512589805e+03
6.273952097003172579e-01 1.459609694603198022e+03 1.463568474518326184e+03
6.462524901532493704e-01 1.442946683398626419e+03 1.445889628090486895e+03
6.656765537447559833e-01 1.429973287412092304e+03 1.432123777518947009e+03
6.856844359708603731e-01 1.420043642581764288e+03 1.421586498434307487e+03
7.062936843543300425e-01 1.412586797291917492e+03 1.413672561101200017e+03
7.275223738343887803e-01 1.407094556172107332e+03 1.407843129967857521e+03
7.493891226189883792e-01 1.403134035349152327e+03 1.403639102655244869e+03
7.719131085135459980e-01 1.400340278552065456e+03 1.400673345721600072e+03
7.951140857404641604e-01 1.398415323159387526e+03 1.398629734851183002e+03
8.190124022641855905e-01 1.397121488355252040e+03 1.397256058793722104e+03
8.436290176369783955e-01 1.396274393415608529e+03 1.396356637230464912e+03
8.689855213811032986e-01 1.395734944297666289e+03 1.395783834896407143e+03
8.951041519234821386e-01 1.395401328018118875e+03 1.395429575031502964e+03
9.220078160994764627e-01 1.395201227031827557e+03 1.395217083601603690e+03
9.497201092428810831e-01 1.395084959665958195e+03 1.395093613341020273e+03
9.782653358797515075e-01 1.395019550539044985e+03 1.395024152016379276e+03
1.007668531044212390e+00 1.394984008363408066e+03 1.394986407825069364e+03
1.037955482234948157e+00 1.394965290538523050e+03 1.394966531227241376e+03
1.069152752031623965e+00 1.394955636575724611e+03 1.394956281843507440e+03
1.101287701391079343e+00 1.394950853156166659e+03 1.394951204259014503e+03
1.134388513643720398e+00 1.394948455951430560e+03 1.394948661120680072e+03
1.168484219211160635e+00 1.394947236638168306e+03 1.394947368404059034e+03
1.203604721066785288e+00 1.394946576704086510e+03 1.394946669304473517e+03
1.239780820961571717e+00 1.394946183498816026e+03 1.394946253110124189e+03
1.277044246438164166e+00 1.394945923971876255e+03 1.394945978514210765e+03
1.315427678656893917e+00 1.394945741185011229e+03 1.394945785090431627e+03
1.354964781058155765e+00 1.394945601283650149e+03 1.394945637053582004e+03
1.395690228886270479e+00 1.394945495235889211e+03 1.394945524791046864e+03
1.437639739600732325e+00 1.394945406053403985e+03 1.394945430495216669e+03
1.480850104201508977e+00 1.394945335094916118e+03 1.394945355464708655e+03
1.525359219495870722e+00 1.394945276852134384e+03 1.394945293863821689e+03
1.571206121335045225e+00 1.394945226219456572e+03 1.394945240406292669e+03
1.618431018849852077e+00 1.394945183762878514e+03 1.394945195585829424e+03
1.667075329715333787e+00 1.394945148184256823e+03 1.394945158006632710e+03
1.717181716475319364e+00 1.394945118263297900e+03 1.394945126393989312e+03
1.768794123958777664e+00 1.394945093195284699e+03 1.394945099902920902e+03
1.821957817820771597e+00 1.394945072279663009e+03 1.394945077796873193e+03
1.876719424241817702e+00 1.394945054201688208e+03 1.394945058699064930e+03
1.933126970820469026e+00 1.394945038908599145e+03 1.394945042541433850e+03
1.991229928694981943e+00 1.394945025867888035e+03 1.394945028762276024e+03
2.051079255931012923e+00 1.394945014706487882e+03 1.394945016968019445e+03
2.112727442213399698e+00 1.394945005583731927e+03 1.394945007322899983e+03
2.176228554881209476e+00 1.394944998501481450e+03 1.394944999829931248e+03
2.241638286346447018e+00 1.394944993258398881e+03 1.394944994280645915e+03
2.309014002937997745e+00 1.394944989479368132e+03 1.394944990281611808e+03
2.378414795213647182e+00 1.394944986871894571e+03 1.394944987523289683e+03
2.449901529784302312e+00 1.394944985353740321e+03 1.394944985917428312e+03
2.523536902695863837e+00 1.394944985183894005e+03 1.394944985735760156e+03
2.599385494415571429e+00 1.394944986699350011e+03 1.394944987333956078e+03
2.677513826471040748e+00 1.394944989793240438e+03 1.394944990599923131e+03
2.757990419791676029e+00 1.394944993531460796e+03 1.394944994549255853e+03
2.840885854803610222e+00 1.394944996363770315e+03 1.394944997544432226e+03
2.926272833330890499e+00 1.394944996713528553e+03 1.394944997917851879e+03
3.014226242357196828e+00 1.394944993967675373e+03 1.394944995019426642e+03
3.104823219704007986e+00 1.394944989323388427e+03 1.394944990109464925e+03
3.198143221682825388e+00 1.394944984563118396e+03 1.394944985073755106e+03
3.294268092780779700e+00 1.394944981151173351e+03 1.394944981462161195e+03
3.393282137440741142e+00 1.394944979441417900e+03 1.394944979651173298e+03
3.495272193998885335e+00 1.394944979012220301e+03 1.394944979196228815e+03
3.600327710844566376e+00 1.394944979296279598e+03 1.394944979497113991e+03
3.708540824869279717e+00 1.394944979605474373e+03 1.394944979825130531e+03
3.820006442273519376e+00 1.394944979290405399e+03 1.394944979491664981e+03
3.934822321802417200e+00 1.394944978232155563e+03 1.394944978371030857e+03
4.053089160483140496e+00 1.394944977074377448e+03 1.394944977144615450e+03
4.174910681939254076e+00 1.394944976340127369e+03 1.394944976366523406e+03
4.300393727359502094e+00 1.394944976022497713e+03 1.394944976029853933e+03
4.429648349200787649e+00 1.394944975931505496e+03 1.394944975933383375e+03
4.562787907707532398e+00 1.394944975917842839e+03 1.394944975918893761e+03
4.699929170332067585e+00 1.394944975921042669e+03 1.394944975922285721e+03
4.841192414143256073e+00 1.394944975934779904e+03 1.394944975936855826e+03
4.986701531313139313e+00 1.394944975977206241e+03 1.394944975981865582e+03
5.136584137774153014e+00 1.394944976061164198e+03 1.394944976070960138e+03
5.290971685142194403e+00 1.394944976192052764e+03 1.394944976209858623e+03
5.449999576003692781e+00 1.394944976294563048e+03 1.394944976318723548e+03
5.613807282667812260e+00 1.394944976221872594e+03 1.394944976241582935e+03
5.782538469487912280e+00 1.394944976067222569e+03 1.394944976077450292e+03
5.956341118859571182e+00 1.394944975983623181e+03 1.394944975988730675e+03
6.135367661005654227e+00 1.394944975951171045e+03 1.394944975954292204e+03
6.319775107662277236e+00 1.394944975934000240e+03 1.394944975936063656e+03
6.509725189782878729e+00 1.394944975926695179e+03 1.394944975928312033e+03
6.705384499381191077e+00 1.394944975928618760e+03 1.394944975930357259e+03
6.906924635637528453e+00 1.394944975927571022e+03 1.394944975929249722e+03
7.114522355396492692e+00 1.394944975913716689e+03 1.394944975914532279e+03
7.328359728188118538e+00 1.394944975906544187e+03 1.394944975906915488e+03
7.548624295908402004e+00 1.394944975901910539e+03 1.394944975901992848e+03
7.775509237299261578e+00 1.394944975901103817e+03 1.394944975901136331e+03
8.009213537372179559e+00 1.394944975902182932e+03 1.394944975902282977e+03
8.249942161924138873e+00 1.394944975901626322e+03 1.394944975901691805e+03
8.497906237298867183e+00 1.394944975900735471e+03 1.394944975900745021e+03
8.753323235551068393e+00 1.394944975900614509e+03 1.394944975900616328e+03
9.016417165176063619e+00 1.394944975900592226e+03 1.394944975900592681e+03
9.287418767572058087e+00 1.394944975900588815e+03 1.394944975900589043e+03
9.566565719407389423e+00 1.394944975900594272e+03 1.394944975900594955e+03
9.854102841070211838e+00 1.394944975900686813e+03 1.394944975900693180e+03
