# Units::   1 / Mpc	 || Mpc3 uK2	 || Mpc6 uK4	 || 
6.183300418061591502e-03 9.893210517733987945e+04 1.094967401105699097e+12
6.369148553822487693e-03 9.893527224071894307e+04 1.002323662678086304e+12
6.560582627065073176e-03 9.890476715796816279e+04 9.169062626714019775e+11
6.757770531308547254e-03 9.886177531307328900e+04 8.385959182204278564e+11
6.960885206357330518e-03 9.879148429472564021e+04 7.665814878309334717e+11
7.170104789974559786e-03 9.870448129227328172e+04 7.005379444785158691e+11
7.385612774114327927e-03 9.860185024332109606e+04 6.400124095824537354e+11
7.607598165849717778e-03 9.846933690563008713e+04 5.843735808128598633e+11
7.836255653137778540e-03 9.832037666201335378e+04 5.334165453964086304e+11
8.071785775566796273e-03 9.814710120101278881e+04 4.866780172978757935e+11
8.314395100235624086e-03 9.794084357123605150e+04 4.437507051452151489e+11
8.564296402919332335e-03 9.771942856144081452e+04 4.044905446258059692e+11
8.821708854680049977e-03 9.746882289756760292e+04 3.684963035872852783e+11
9.086858214086661334e-03 9.718782871222785616e+04 3.354981315750096436e+11
9.359977025211962953e-03 9.687932365312044567e+04 3.052871865796353149e+11
9.641304821580903850e-03 9.653849920112820109e+04 2.776088304061600342e+11
9.931088336248797277e-03 9.616904418304201681e+04 2.522915773955690002e+11
1.022958171819371258e-02 9.576439328917997773e+04 2.291115654444150085e+11
1.053704675521289699e-02 9.533407707997216494e+04 2.079484602371957703e+11
1.085375310351864749e-02 9.487406099221782642e+04 1.886194409193054199e+11
1.117997852423503746e-02 9.437488639372860780e+04 1.709349313677390442e+11
1.151600912700288457e-02 9.385038166697634733e+04 1.548245487777129517e+11
1.186213962090663411e-02 9.329539606012555305e+04 1.401349875794905396e+11
1.221867357294321652e-02 9.270492249995615566e+04 1.267332303646081696e+11
1.258592367425954289e-02 9.208814053167021484e+04 1.145415110358225403e+11
1.296421201439219156e-02 9.144380067085257906e+04 1.034537719272593384e+11
1.335387036374975286e-02 9.076538674947858090e+04 9.336032698766331482e+10
1.375524046458557331e-02 9.005969712886950583e+04 8.419362802116482544e+10
1.416867433071615848e-02 8.932433452334614412e+04 7.586828518425799561e+10
1.459453455624800181e-02 8.855920965672440070e+04 6.831073473931703949e+10
1.503319463358368177e-02 8.776307042616518447e+04 6.145295842718711853e+10
1.548503928098609109e-02 8.693951330310803314e+04 5.523837541279794312e+10
1.595046477998807513e-02 8.608413657700379554e+04 4.960525555744204712e+10
1.642987932294341646e-02 8.519944025787306600e+04 4.450487858520189667e+10
1.692370337102399452e-02 8.428902628353952605e+04 3.989454013180900574e+10
1.743237002297702912e-02 8.335630540715684765e+04 3.573283287731232452e+10
1.795632539496589894e-02 8.239484209719940554e+04 3.197204669660051727e+10
1.849602901182761938e-02 8.141458429631634499e+04 2.858488742430001831e+10
1.905195421009014262e-02 8.042019963069086953e+04 2.553925599625428772e+10
1.962458855310289171e-02 7.941022762759581383e+04 2.280041272282121658e+10
2.021443425864474092e-02 7.838798444931991980e+04 2.034110779509157944e+10
2.082200863938427765e-02 7.735571073190808238e+04 1.813486116810512161e+10
2.144784455657879063e-02 7.631362132018030388e+04 1.615649414239245033e+10
2.209249088740986022e-02 7.526879858978446282e+04 1.438657182846685982e+10
2.275651300636535868e-02 7.422086082445859211e+04 1.280340297624400139e+10
2.344049328109013355e-02 7.317282384944388468e+04 1.138888264295293617e+10
2.414503158314017239e-02 7.212581426843846566e+04 1.012585091020165634e+10
2.487074581408825480e-02 7.109003308414990897e+04 9.001688423023406982e+09
2.561827244744249027e-02 7.006318957670834789e+04 8.000558370150481224e+09
2.638826708685294842e-02 6.904580396295081300e+04 7.109251770093883514e+09
2.718140504109609404e-02 6.804287562376867572e+04 6.317089276926140785e+09
2.799838191634115847e-02 6.705164394674178038e+04 5.612532064922019958e+09
2.883991422621795531e-02 6.607298940632391896e+04 4.986204147810858727e+09
2.970674002022118468e-02 6.510926150114858319e+04 4.429947213797373772e+09
3.059961953100233042e-02 6.416017259915309842e+04 3.935991232862326622e+09
3.151933584111689390e-02 6.322163158705328533e+04 3.496906754452135563e+09
3.246669556981167382e-02 6.229544208927537693e+04 3.106930425004001141e+09
3.344252958045442620e-02 6.137442866037625208e+04 2.759936377918840408e+09
3.444769370922635965e-02 6.045731294723750761e+04 2.451178236860486507e+09
3.548306951571660733e-02 5.953381776695430744e+04 2.175689105278516769e+09
3.654956505607682288e-02 5.861324977012941235e+04 1.930813162025764465e+09
3.764811567941413195e-02 5.767207374276106566e+04 1.711585820576552868e+09
3.877968484812081146e-02 5.671718225805512338e+04 1.515982856300184250e+09
3.994526498286019023e-02 5.573951122129780560e+04 1.341082759044326305e+09
4.114587833294983121e-02 5.472472512483667379e+04 1.184157742233299017e+09
4.238257787290531514e-02 5.368430487993288261e+04 1.044066891528291583e+09
4.365644822593106600e-02 5.259780825427060336e+04 9.183163108726255894e+08
4.496860661516792479e-02 5.147842928319754719e+04 8.061040442103455067e+08
4.632020384353191522e-02 5.030460338107523421e+04 7.053812258166613579e+08
4.771242530300350698e-02 4.909841178368504188e+04 6.157895545182597637e+08
4.914649201425250191e-02 4.783933217988340039e+04 5.356762554092523456e+08
5.062366169751041090e-02 4.654712261483757902e+04 4.646021781568057537e+08
5.214522987562943135e-02 4.522092532207615295e+04 4.016455851081093550e+08
5.371253101029549448e-02 4.388065558373415115e+04 3.462798135476872921e+08
5.532693967239186300e-02 4.252004559884592891e+04 2.975922502625021338e+08
5.698987174753968044e-02 4.116817103472183953e+04 2.552226446227464676e+08
5.870278567787286239e-02 3.983613697959692217e+04 2.185308549315592349e+08
6.046718374113631972e-02 3.852553570923476946e+04 1.868245810525458455e+08
6.228461336822932459e-02 3.727510571441258071e+04 1.597852594428194463e+08
6.415666850034956736e-02 3.606560374740688712e+04 1.366319915754003227e+08
6.608499098692827145e-02 3.493392545321153011e+04 1.170576813779010475e+08
6.807127202558213575e-02 3.386259734154076432e+04 1.004340048772969842e+08
7.011725364534518445e-02 3.287686928178114613e+04 8.644987148116514087e+07
7.222473023448144902e-02 3.194802344216855272e+04 7.457375432565221190e+07
7.439555011421805641e-02 3.109296634244533197e+04 6.454201656903383881e+07
7.663161715977948041e-02 3.027828792714334122e+04 5.596822340024673939e+07
7.893489247014395804e-02 2.950591198360381532e+04 4.861849740796513855e+07
8.130739608798723261e-02 2.874825645911173706e+04 4.225371042796321958e+07
8.375120877132152808e-02 2.800307513325756372e+04 3.671692610923945904e+07
8.626847381838373408e-02 2.724138860648067930e+04 3.184346048278448731e+07
8.886139894737338230e-02 2.645692444222419726e+04 2.753253403357401118e+07
9.153225823268880401e-02 2.565527940102847424e+04 2.372993712067576498e+07
9.428339409935965199e-02 2.481199578479552292e+04 2.034788719754524156e+07
9.711721937742510968e-02 2.396544339405232313e+04 1.738625862389817461e+07
1.000362194180594577e-01 2.309918861135404950e+04 1.478910695248886757e+07
1.030429542733008186e-01 2.225511364127244087e+04 1.255434098506300338e+07
1.061400609412947449e-01 2.141832830807803475e+04 1.063082361073423363e+07
1.093302556790221036e-01 2.062948708114930560e+04 9.007312253084968776e+06
1.126163363845392174e-01 1.988201521842729562e+04 7.642762527441115119e+06
1.160011850508198689e-01 1.918518324273756298e+04 6.500056247553679161e+06
1.194877702933509062e-01 1.854133811130350659e+04 5.548955494156057015e+06
1.230791499536985356e-01 1.793896992522349319e+04 4.749338697923773900e+06
1.267784737813286156e-01 1.736794509356149865e+04 4.074444810592274647e+06
1.305889861960331522e-01 1.680946286512122242e+04 3.494992090002698824e+06
1.345140291333851157e-01 1.626238752891585136e+04 2.996282106191574596e+06
1.385570449757179690e-01 1.570315158072474514e+04 2.559928169577712659e+06
1.427215795711999635e-01 1.514715528542119500e+04 2.180746058683703188e+06
1.470112853436509881e-01 1.457891842870410255e+04 1.849560503811756149e+06
1.514299244958297597e-01 1.402569804493474658e+04 1.565330036896558246e+06
1.559813723090003323e-01 1.347835715974996856e+04 1.321734871633628383e+06
1.606696205416717760e-01 1.295805479247678886e+04 1.116405262054169551e+06
1.654987809304922508e-01 1.245907467151662058e+04 9.435403665005147923e+05
1.704730887963673558e-01 1.198379718830223646e+04 7.983346752656580647e+05
1.755969067589657484e-01 1.153065895839517725e+04 6.762070404219222255e+05
1.808747285628696522e-01 1.108427247696551240e+04 5.721531620659519685e+05
1.863111830187256790e-01 1.065382496539072054e+04 4.837621172587898327e+05
1.919110380628530066e-01 1.022203951565649731e+04 4.077042721253316849e+05
1.976792049388690908e-01 9.800829721458088898e+03 3.428146613271307433e+05
2.036207425049998132e-01 9.380524895910572013e+03 2.873213019200517447e+05
2.097408616708524853e-01 8.975961168428357269e+03 2.405185373574947298e+05
2.160449299675424317e-01 8.578218391410944605e+03 2.009952805976405798e+05
2.225384762551814721e-01 8.197475325591620276e+03 1.678970938939063344e+05
2.292271955718568344e-01 7.825827771972157279e+03 1.400477752419029712e+05
2.361169541283532625e-01 7.467603097864182018e+03 1.166449517218718829e+05
2.432137944529985107e-01 7.113543175369499295e+03 9.686280181456061837e+04
2.505239406911450306e-01 6.768575260526848069e+03 8.021471129055628262e+04
2.580538040639355213e-01 6.432530763641459089e+03 6.625417006657498132e+04
2.658099884911390154e-01 6.104819964649612302e+03 5.458612445199499780e+04
2.737992963829897208e-01 5.790251057456094713e+03 4.489455337506441720e+04
2.820287346061086664e-01 5.484776544627570729e+03 3.683656019216754794e+04
2.905055206287390224e-01 5.191118194159945233e+03 3.015810861652857784e+04
2.992370888506861726e-01 4.905549993148351859e+03 2.461868253634098437e+04
3.082310971235127095e-01 4.631633835632352202e+03 2.004950588008656268e+04
3.174954334667076106e-01 4.367155172961657627e+03 1.628773975078920557e+04
3.270382229857202172e-01 4.114748515112218229e+03 1.320732184295499974e+04
3.368678349979253861e-01 3.873213788195797861e+03 1.068892830209886415e+04
3.469928903727700353e-01 3.643417081229082214e+03 8.637103502392832524e+03
3.574222690925380475e-01 3.424909006952470463e+03 6.969355029836765425e+03
3.681651180403660018e-01 3.218405329063340105e+03 5.619100896710667257e+03
3.792308590223384401e-01 3.024038041829833674e+03 4.529284861683668169e+03
3.906291970306990935e-01 2.841971240931237844e+03 3.652145555429422984e+03
4.023701287554251049e-01 2.672296174397642062e+03 2.947978014400232951e+03
4.144639513516285567e-01 2.515072982026593763e+03 2.384010825891948116e+03
4.269212714704755940e-01 2.370311202276581298e+03 1.933256141679722305e+03
4.397530145615433650e-01 2.237936134541439969e+03 1.573541078476232087e+03
4.529704344547720862e-01 2.117745561262425781e+03 1.286712988850567854e+03
4.665851232304167873e-01 2.009445433973728086e+03 1.058039541512409414e+03
4.806090213856555327e-01 1.912729881003357150e+03 8.756707850736029286e+02
4.950544283067691009e-01 1.827048716298611680e+03 7.299734102989365283e+02
5.099340130560785500e-01 1.751904648698285428e+03 6.133224297666808980e+02
5.252608254830986034e-01 1.686660972204770133e+03 5.196078283791302965e+02
5.410483076696531723e-01 1.630632182728936868e+03 4.439886331009848277e+02
5.573103057189918719e-01 1.583057366848998527e+03 3.826262327434565123e+02
5.740610818992438746e-01 1.543156418037802723e+03 3.325021849124709092e+02
5.913153271518628573e-01 1.510147001193454571e+03 2.912499011319488318e+02
6.090881739760301006e-01 1.483194882068178231e+03 2.569955331416684317e+02
6.273952097003172579e-01 1.461533353642598058e+03 2.282890429002478641e+02
6.462524901532493704e-01 1.444376694780599792e+03 2.039832277241180236e+02
6.656765537447559833e-01 1.431018214777836192e+03 1.831929382905605621e+02
6.856844359708603731e-01 1.420793305192196158e+03 1.652258033151782399e+02
7.062936843543300425e-01 1.413114352988638075e+03 1.495465709030925439e+02
7.275223738343887803e-01 1.407458270652973397e+03 1.357386885227923585e+02
7.493891226189883792e-01 1.403379432119733792e+03 1.234799518309255575e+02
7.719131085135459980e-01 1.400502103568185248e+03 1.125198186645604181e+02
7.951140857404641604e-01 1.398519496639850331e+03 1.026631661506732058e+02
8.190124022641855905e-01 1.397186869717278796e+03 9.375687787734072742e+01
8.436290176369783955e-01 1.396314351441757026e+03 8.567957381582918686e+01
8.689855213811032986e-01 1.395758697590083557e+03 7.833366053537562834e+01
8.951041519234821386e-01 1.395415051692940096e+03 7.163931493845393561e+01
9.220078160994764627e-01 1.395208930909300079e+03 6.552997627254978852e+01
9.497201092428810831e-01 1.395089164100102607e+03 5.994905620690465753e+01
9.782653358797515075e-01 1.395021786260010458e+03 5.484755916858035363e+01
1.007668531044212390e+00 1.394985174259901669e+03 5.018239858453895863e+01
1.037955482234948157e+00 1.394965893449475061e+03 4.591518272068852724e+01
1.069152752031623965e+00 1.394955950186465316e+03 4.201138819991341222e+01
1.101287701391079343e+00 1.394951023832390547e+03 3.843977806651229656e+01
1.134388513643720398e+00 1.394948555707565902e+03 3.517193334749833866e+01
1.168484219211160635e+00 1.394947300715918345e+03 3.218195081443000305e+01
1.203604721066785288e+00 1.394946621740951059e+03 2.944617241583586065e+01
1.239780820961571717e+00 1.394946217356705802e+03 2.694297236067789569e+01
1.277044246438164166e+00 1.394945950501387870e+03 2.465257258281313923e+01
1.315427678656893917e+00 1.394945762541757176e+03 2.255688034570887979e+01
1.354964781058155765e+00 1.394945618684060719e+03 2.063934225908023379e+01
1.395690228886270479e+00 1.394945509614549110e+03 1.888481313044251308e+01
1.437639739600732325e+00 1.394945417945054032e+03 1.727943513858544833e+01
1.480850104201508977e+00 1.394945345005823810e+03 1.581052905657171337e+01
1.525359219495870722e+00 1.394945285129425883e+03 1.446649336193909541e+01
1.571206121335045225e+00 1.394945233121841511e+03 1.323671281354901907e+01
1.618431018849852077e+00 1.394945189514822687e+03 1.211147469086231609e+01
1.667075329715333787e+00 1.394945152962745851e+03 1.108189191209228319e+01
1.717181716475319364e+00 1.394945122218691040e+03 1.013983288646160119e+01
1.768794123958777664e+00 1.394945096458338185e+03 9.277857293287526730e+00
1.821957817820771597e+00 1.394945074963595289e+03 8.489157311061836353e+00
1.876719424241817702e+00 1.394945056389411775e+03 7.767503840122503611e+00
1.933126970820469026e+00 1.394945040675667315e+03 7.107197327482489335e+00
1.991229928694981943e+00 1.394945027275632128e+03 6.503022728926158180e+00
2.051079255931012923e+00 1.394945015806297761e+03 5.950208328459892115e+00
2.112727442213399698e+00 1.394945006429437854e+03 5.444388053697518437e+00
2.176228554881209476e+00 1.394944999147445742e+03 4.981566985898447264e+00
2.241638286346447018e+00 1.394944993755466612e+03 4.558089808713402746e+00
2.309014002937997745e+00 1.394944989869441315e+03 4.170611939570070703e+00
2.378414795213647182e+00 1.394944987188589948e+03 3.816073116262144627e+00
2.449901529784302312e+00 1.394944985627767892e+03 3.491673227585143202e+00
2.523536902695863837e+00 1.394944985452180617e+03 3.194850198360570825e+00
2.599385494415571429e+00 1.394944987007915188e+03 2.923259752563014402e+00
2.677513826471040748e+00 1.394944990185562801e+03 2.674756896336434764e+00
2.757990419791676029e+00 1.394944994026533095e+03 2.447378976510808268e+00
2.840885854803610222e+00 1.394944996938093709e+03 2.239330181703522271e+00
2.926272833330890499e+00 1.394944997299335455e+03 2.048967361606400583e+00
3.014226242357196828e+00 1.394944994479209299e+03 1.874787051985819408e+00
3.104823219704007986e+00 1.394944989705648140e+03 1.715413601168334967e+00
3.198143221682825388e+00 1.394944984811397489e+03 1.569588300413734094e+00
3.294268092780779700e+00 1.394944981302372526e+03 1.436159440504994000e+00
3.393282137440741142e+00 1.394944979543401132e+03 1.314073214729726491e+00
3.495272193998885335e+00 1.394944979101684339e+03 1.202365397761283594e+00
3.600327710844566376e+00 1.394944979393927952e+03 1.100153731960980208e+00
3.708540824869279717e+00 1.394944979712278609e+03 1.006630959479184018e+00
3.820006442273519376e+00 1.394944979388261117e+03 9.210584468432063687e-01
3.934822321802417200e+00 1.394944978299671902e+03 8.427603518276169936e-01
4.053089160483140496e+00 1.394944977108521243e+03 7.711182856445648603e-01
4.174910681939254076e+00 1.394944976352957383e+03 7.055664276769268994e-01
4.300393727359502094e+00 1.394944976026073164e+03 6.455870564068239004e-01
4.429648349200787649e+00 1.394944975932417947e+03 5.907064610651261427e-01
4.562787907707532398e+00 1.394944975918353748e+03 5.404912005609016079e-01
4.699929170332067585e+00 1.394944975921646801e+03 4.945446802194969349e-01
4.841192414143256073e+00 1.394944975935788761e+03 4.525040194611525401e-01
4.986701531313139313e+00 1.394944975979470655e+03 4.140371857731840466e-01
5.136584137774153014e+00 1.394944976065924948e+03 3.788403723300086123e-01
5.290971685142194403e+00 1.394944976200705923e+03 3.466355985612080692e-01
5.449999576003692781e+00 1.394944976306304397e+03 3.171685146592310156e-01
5.613807282667812260e+00 1.394944976231450937e+03 2.902063927728791293e-01
5.782538469487912280e+00 1.394944976072192503e+03 2.655362890813475762e-01
5.956341118859571182e+00 1.394944975986105192e+03 2.429633618776690651e-01
6.135367661005654227e+00 1.394944975952687628e+03 2.223093326474659404e-01
6.319775107662277236e+00 1.394944975935002958e+03 2.034110781203162521e-01
6.509725189782878729e+00 1.394944975927480755e+03 1.861193419544239502e-01
6.705384499381191077e+00 1.394944975929463681e+03 1.702975559154663865e-01
6.906924635637528453e+00 1.394944975928386839e+03 1.558207612713139734e-01
7.114522355396492692e+00 1.394944975914113002e+03 1.425746218857331382e-01
7.328359728188118538e+00 1.394944975906724721e+03 1.304545212089328055e-01
7.548624295908402004e+00 1.394944975901950556e+03 1.193647360156078058e-01
7.775509237299261578e+00 1.394944975901119733e+03 1.092176804001840501e-01
8.009213537372179559e+00 1.394944975902231590e+03 9.993321403124193203e-02
8.249942161924138873e+00 1.394944975901658154e+03 9.143800921240186064e-02
8.497906237298867183e+00 1.394944975900740019e+03 8.366497174912801427e-02
8.753323235551068393e+00 1.394944975900615418e+03 7.655271104525522563e-02
9.016417165176063619e+00 1.394944975900592226e+03 7.004505524667464789e-02
9.287418767572058087e+00 1.394944975900589043e+03 6.409060760251089617e-02
9.566565719407389423e+00 1.394944975900594500e+03 5.864234053915042683e-02
9.854102841070211838e+00 1.394944975900689997e+03 5.365722424162815835e-02
