# Units::   1 / Mpc	 || Mpc3 uK2	 || Mpc3 uK2	 || 
6.183300418061591502e-03 4.552260685569963971e+04 2.106850587631251838e+05
6.369148553822487693e-03 4.552203708379149612e+04 2.107050249838684394e+05
6.560582627065073176e-03 4.550624950210790848e+04 2.106529120548007777e+05
6.757770531308547254e-03 4.548480243936814077e+04 2.105742615060846729e+05
6.960885206357330518e-03 4.545105314817744511e+04 2.104370066341050260e+05
7.170104789974559786e-03 4.540976784415970906e+04 2.102640351765133673e+05
7.385612774114327927e-03 4.536141460083928541e+04 2.100577812837114034e+05
7.607598165849717778e-03 4.529965304804004700e+04 2.097871290832173836e+05
7.836255653137778540e-03 4.523052852683382662e+04 2.094810571599579416e+05
8.071785775566796273e-03 4.515053266329923645e+04 2.091224260064821574e+05
8.314395100235624086e-03 4.505574132325089886e+04 2.086927198651156214e+05
8.564296402919332335e-03 4.495425542184523511e+04 2.082300326047433773e+05
8.821708854680049977e-03 4.483968457940854569e+04 2.077044168322538317e+05
9.086858214086661334e-03 4.471164376557707146e+04 2.071125204697359877e+05
9.359977025211962953e-03 4.457136877606440976e+04 2.064608930643963686e+05
9.641304821580903850e-03 4.441675733169536397e+04 2.057388655225866532e+05
9.931088336248797277e-03 4.424944900289116777e+04 2.049544814996193745e+05
1.022958171819371258e-02 4.406656064224458532e+04 2.040932091312035336e+05
1.053704675521289699e-02 4.387235793525940244e+04 2.031758050540789845e+05
1.085375310351864749e-02 4.366502879886825394e+04 2.021935108698120457e+05
1.117997852423503746e-02 4.344041987467178842e+04 2.011253991046431474e+05
1.151600912700288457e-02 4.320465684478181356e+04 2.000017955508724262e+05
1.186213962090663411e-02 4.295545790987104556e+04 1.988114244902148494e+05
1.221867357294321652e-02 4.269063927553001122e+04 1.975431206100942800e+05
1.258592367425954289e-02 4.241432028431050276e+04 1.962167773982827784e+05
1.296421201439219156e-02 4.212591404138772486e+04 1.948298019856481114e+05
1.335387036374975286e-02 4.182251054977242893e+04 1.933680210486484284e+05
1.375524046458557331e-02 4.150718708474846790e+04 1.918459828238452028e+05
1.416867433071615848e-02 4.117885807851482241e+04 1.902585423040245660e+05
1.459453455624800181e-02 4.083753013842376822e+04 1.886052659757072979e+05
1.503319463358368177e-02 4.048260842429581680e+04 1.868836111303019279e+05
1.548503928098609109e-02 4.011579086747265683e+04 1.851009583367693704e+05
1.595046477998807513e-02 3.973507584457777557e+04 1.832478130515097873e+05
1.642987932294341646e-02 3.934159675360307301e+04 1.813295586485241365e+05
1.692370337102399452e-02 3.893696492950610264e+04 1.793539775006291457e+05
1.743237002297702912e-02 3.852267957345419563e+04 1.773285975849901151e+05
1.795632539496589894e-02 3.809588675102523848e+04 1.752392635544705263e+05
1.849602901182761938e-02 3.766100078820883937e+04 1.731077047021304897e+05
1.905195421009014262e-02 3.722009317647522403e+04 1.709441329023533035e+05
1.962458855310289171e-02 3.677253068660111603e+04 1.687452600980632706e+05
2.021443425864474092e-02 3.631974925190357317e+04 1.665184353062477021e+05
2.082200863938427765e-02 3.586272269281387707e+04 1.642686452916996204e+05
2.144784455657879063e-02 3.540152503527388762e+04 1.619964209748925350e+05
2.209249088740986022e-02 3.493931312848912785e+04 1.597171678888352180e+05
2.275651300636535868e-02 3.447589237216934998e+04 1.574301332050589845e+05
2.344049328109013355e-02 3.401257065669559961e+04 1.551420264297777903e+05
2.414503158314017239e-02 3.354985474319558853e+04 1.528552411680569639e+05
2.487074581408825480e-02 3.309220216048527800e+04 1.505924254872492456e+05
2.561827244744249027e-02 3.263861240499081396e+04 1.483484712821389257e+05
2.638826708685294842e-02 3.218927630806817979e+04 1.461246578080595937e+05
2.718140504109609404e-02 3.174633955679355131e+04 1.439322895744247362e+05
2.799838191634115847e-02 3.130860864213836612e+04 1.417651605714182660e+05
2.883991422621795531e-02 3.087643580322819253e+04 1.396253747023576580e+05
2.970674002022118468e-02 3.045083798537092298e+04 1.375182188172609895e+05
3.059961953100233042e-02 3.003167099983767548e+04 1.354431491748583503e+05
3.151933584111689390e-02 2.961711536057629564e+04 1.333912511307179520e+05
3.246669556981167382e-02 2.920793643228289875e+04 1.313666758367631410e+05
3.344252958045442620e-02 2.880097435875939846e+04 1.293536124441051361e+05
3.444769370922635965e-02 2.839566269016708975e+04 1.273493507147687633e+05
3.548306951571660733e-02 2.798744987491882057e+04 1.253313455116182886e+05
3.654956505607682288e-02 2.758049129148508291e+04 1.233200040926471702e+05
3.764811567941413195e-02 2.716437234440242901e+04 1.212636053381376114e+05
3.877968484812081146e-02 2.674217574222863914e+04 1.191772559821491450e+05
3.994526498286019023e-02 2.630992507397256850e+04 1.170409487621128646e+05
4.114587833294983121e-02 2.586130380027722276e+04 1.148230717670138984e+05
4.238257787290531514e-02 2.540145897361127572e+04 1.125486703085856570e+05
4.365644822593106600e-02 2.492134926060782891e+04 1.101727455534349137e+05
4.496860661516792479e-02 2.442689283849141066e+04 1.077240225342288177e+05
4.632020384353191522e-02 2.390854652905639159e+04 1.051550059065244277e+05
4.771242530300350698e-02 2.337618915392601775e+04 1.025138212556466460e+05
4.914649201425250191e-02 2.282068832645114890e+04 9.975541069353549392e+04
5.062366169751041090e-02 2.225084310902522702e+04 9.692292046100940206e+04
5.214522987562943135e-02 2.166624302309981431e+04 9.401444457276687899e+04
5.371253101029549448e-02 2.107573300877093061e+04 9.107353186362638371e+04
5.532693967239186300e-02 2.047636953839687339e+04 8.808688950986108102e+04
5.698987174753968044e-02 1.988103958212937141e+04 8.511825177289570274e+04
5.870278567787286239e-02 1.929455365423526746e+04 8.219230473162907583e+04
6.046718374113631972e-02 1.871739648751391724e+04 7.931328209657371917e+04
6.228461336822932459e-02 1.816680741573807245e+04 7.656595298449769325e+04
6.415666850034956736e-02 1.763386109990027035e+04 7.390950177748133137e+04
6.608499098692827145e-02 1.713504613570555011e+04 7.142448316033015726e+04
6.807127202558213575e-02 1.666227038708520558e+04 6.907388256629687385e+04
7.011725364534518445e-02 1.622690250137615476e+04 6.691258831433826708e+04
7.222473023448144902e-02 1.581582696365290212e+04 6.487913750981089106e+04
7.439555011421805641e-02 1.543683086215063304e+04 6.300971073963907111e+04
7.663161715977948041e-02 1.507480661608208720e+04 6.123224202743371279e+04
7.893489247014395804e-02 1.473093269487039470e+04 5.954988776469803270e+04
8.130739608798723261e-02 1.439288062982817792e+04 5.790260585334598727e+04
8.375120877132152808e-02 1.406004230743226435e+04 5.628408812479810149e+04
8.626847381838373408e-02 1.371941719260823265e+04 5.463133010266404017e+04
8.886139894737338230e-02 1.336846941174547828e+04 5.292960585235952749e+04
9.153225823268880401e-02 1.300997670253054457e+04 5.118999927345351898e+04
9.428339409935965199e-02 1.263264990873876741e+04 4.936038401431809325e+04
9.711721937742510968e-02 1.225418914117974964e+04 4.752222075974236941e+04
1.000362194180594577e-01 1.186664789144582392e+04 4.564178851298436348e+04
1.030429542733008186e-01 1.148911125557470950e+04 4.380892992731695995e+04
1.061400609412947449e-01 1.111406975822430468e+04 4.199433387448975554e+04
1.093302556790221036e-01 1.076006738220023362e+04 4.028523980060931353e+04
1.126163363845392174e-01 1.042353647496694975e+04 3.866975609461362910e+04
1.160011850508198689e-01 1.010858435720524358e+04 3.716834581918464391e+04
1.194877702933509062e-01 9.816312309073426150e+03 3.578606379742905847e+04
1.230791499536985356e-01 9.541514018908597791e+03 3.449818149865106534e+04
1.267784737813286156e-01 9.279836129360344785e+03 3.328203460180586262e+04
1.305889861960331522e-01 9.022878337752081279e+03 3.209666522575865747e+04
1.345140291333851157e-01 8.770640398719449877e+03 3.093764665600139779e+04
1.385570449757179690e-01 8.512202002655349133e+03 2.975500222605160161e+04
1.427215795711999635e-01 8.255158697446098813e+03 2.857949721590517220e+04
1.470112853436509881e-01 7.991908193892501913e+03 2.737990746429053979e+04
1.514299244958297597e-01 7.735300594248375091e+03 2.621305571768224399e+04
1.559813723090003323e-01 7.480395729948177177e+03 2.506229595028766926e+04
1.606696205416717760e-01 7.237071833647719359e+03 2.397218888505711220e+04
1.654987809304922508e-01 7.002290256186082843e+03 2.293219237061901731e+04
1.704730887963673558e-01 6.777212698153879501e+03 2.194718591446712890e+04
1.755969067589657484e-01 6.561320807594761391e+03 2.101310483196639325e+04
1.808747285628696522e-01 6.347366426023517306e+03 2.009782895827663378e+04
1.863111830187256790e-01 6.140311611750062184e+03 1.921807311390175892e+04
1.919110380628530066e-01 5.931814826017591258e+03 1.833852061085349123e+04
1.976792049388690908e-01 5.727857778462985152e+03 1.748259789564947278e+04
2.036207425049998132e-01 5.523438706617526805e+03 1.663183828031066150e+04
2.097408616708524853e-01 5.325793994189676596e+03 1.581627424666781008e+04
2.160449299675424317e-01 5.130252550561413955e+03 1.501911812476906925e+04
2.225384762551814721e-01 4.941942748200301139e+03 1.426034389017833564e+04
2.292271955718568344e-01 4.756996329615933973e+03 1.352401446447670423e+04
2.361169541283532625e-01 4.577848128275262752e+03 1.281762793102290198e+04
2.432137944529985107e-01 4.399958603553988723e+03 1.212254797864726424e+04
2.505239406911450306e-01 4.225936058856922500e+03 1.144795295288690795e+04
2.580538040639355213e-01 4.055663764052946590e+03 1.079364319013995919e+04
2.658099884911390154e-01 3.888776297223498659e+03 1.015873411616348494e+04
2.737992963829897208e-01 3.727767070764625714e+03 9.552381871174755361e+03
2.820287346061086664e-01 3.570626508895677489e+03 8.966540255712565340e+03
2.905055206287390224e-01 3.418901928111831694e+03 8.405868148248193393e+03
2.992370888506861726e-01 3.270757324796297780e+03 7.862908093115542215e+03
3.082310971235127095e-01 3.128106385419855087e+03 7.344187204500694861e+03
3.174954334667076106e-01 2.989809741311614744e+03 6.845461013240571447e+03
3.270382229857202172e-01 2.857292015979599455e+03 6.371521533004288358e+03
3.368678349979253861e-01 2.729997337446231086e+03 5.919832991480186138e+03
3.469928903727700353e-01 2.608464195946175550e+03 5.491703351585596465e+03
3.574222690925380475e-01 2.492520269820776321e+03 5.086047860368277725e+03
3.681651180403660018e-01 2.382592569688681124e+03 4.704017259991249375e+03
3.792308590223384401e-01 2.278801356561493776e+03 4.345666850609811263e+03
3.906291970306990935e-01 2.181291358468754879e+03 4.011082778364675960e+03
4.023701287554251049e-01 2.090167529360728167e+03 3.700220128561187266e+03
4.144639513516285567e-01 2.005510777448968611e+03 3.413004970025795956e+03
4.269212714704755940e-01 1.927369418384048913e+03 3.149291314804397189e+03
4.397530145615433650e-01 1.855745548016993780e+03 2.908782386115396548e+03
4.529704344547720862e-01 1.790570054589190249e+03 2.690958071866582031e+03
4.665851232304167873e-01 1.731719753339522185e+03 2.495148053424757109e+03
4.806090213856555327e-01 1.679060546931463705e+03 2.320677528661823089e+03
4.950544283067691009e-01 1.632323126635117660e+03 2.166439464382346159e+03
5.099340130560785500e-01 1.591262366856570907e+03 2.031439492902992242e+03
5.252608254830986034e-01 1.555553066770993837e+03 1.914447557191952910e+03
5.410483076696531723e-01 1.524839733609157747e+03 1.814159682988077066e+03
5.573103057189918719e-01 1.498722739569681153e+03 1.729147577013382261e+03
5.740610818992438746e-01 1.476788624506327324e+03 1.657961134103658651e+03
5.913153271518628573e-01 1.458618940367028245e+03 1.599160564592294122e+03
6.090881739760301006e-01 1.443764745637312899e+03 1.551221005308777649e+03
6.273952097003172579e-01 1.431812031893463882e+03 1.512746217309973872e+03
6.462524901532493704e-01 1.422334544197285368e+03 1.482312946025689371e+03
6.656765537447559833e-01 1.414947497797307506e+03 1.458646350135453076e+03
6.856844359708603731e-01 1.409287780625616051e+03 1.440552243601241571e+03
7.062936843543300425e-01 1.405033415526675071e+03 1.426978309479609152e+03
7.275223738343887803e-01 1.401897142320697867e+03 1.416990221697396692e+03
7.493891226189883792e-01 1.399633653500712398e+03 1.409794227848546370e+03
7.719131085135459980e-01 1.398035754132027932e+03 1.404722438591832542e+03
7.951140857404641604e-01 1.396933994034152192e+03 1.401230567692095747e+03
8.190124022641855905e-01 1.396192979615722606e+03 1.398885224456646256e+03
8.436290176369783955e-01 1.395707533857544604e+03 1.397350709097736853e+03
8.689855213811032986e-01 1.395398222536122830e+03 1.396374086827154542e+03
8.951041519234821386e-01 1.395206838839232887e+03 1.395770435730077679e+03
9.220078160994764627e-01 1.395091999073750912e+03 1.395408543083367704e+03
9.497201092428810831e-01 1.395025250929445747e+03 1.395198343240668237e+03
9.782653358797515075e-01 1.394987698041129306e+03 1.395080098543861823e+03
1.007668531044212390e+00 1.394967290946088724e+03 1.395015853468297564e+03
1.037955482234948157e+00 1.394956548080826906e+03 1.394982006881526786e+03
1.069152752031623965e+00 1.394951018648253694e+03 1.394964512116709329e+03
1.101287701391079343e+00 1.394948283238815975e+03 1.394955829041587549e+03
1.134388513643720398e+00 1.394946920026468888e+03 1.394951451368774315e+03
1.168484219211160635e+00 1.394946230908298276e+03 1.394949210054401647e+03
1.203604721066785288e+00 1.394945860855684032e+03 1.394947986857978321e+03
1.239780820961571717e+00 1.394945642171933059e+03 1.394947251760361041e+03
1.277044246438164166e+00 1.394945498392318996e+03 1.394946764631278938e+03
1.315427678656893917e+00 1.394945397020045675e+03 1.394946421910783329e+03
1.354964781058155765e+00 1.394945319468695061e+03 1.394946159486290071e+03
1.395690228886270479e+00 1.394945260428474739e+03 1.394945961361761647e+03
1.437639739600732325e+00 1.394945211350099726e+03 1.394945792747274709e+03
1.480850104201508977e+00 1.394945172300622289e+03 1.394945658700724152e+03
1.525359219495870722e+00 1.394945140188770665e+03 1.394945549010406467e+03
1.571206121335045225e+00 1.394945112748913971e+03 1.394945451970311069e+03
1.618431018849852077e+00 1.394945089752039394e+03 1.394945370474337096e+03
1.667075329715333787e+00 1.394945070380332027e+03 1.394945302524518638e+03
1.717181716475319364e+00 1.394945054044231483e+03 1.394945245549529091e+03
1.768794123958777664e+00 1.394945040328334699e+03 1.394945197917406858e+03
1.821957817820771597e+00 1.394945028867583233e+03 1.394945158227328193e+03
1.876719424241817702e+00 1.394945019008677491e+03 1.394945123764720393e+03
1.933126970820469026e+00 1.394945010660230537e+03 1.394945094644334858e+03
1.991229928694981943e+00 1.394945003536946842e+03 1.394945069838404834e+03
2.051079255931012923e+00 1.394944997435328332e+03 1.394945048619049885e+03
2.112727442213399698e+00 1.394944992420297694e+03 1.394945031359684435e+03
2.176228554881209476e+00 1.394944988499885085e+03 1.394945018051033912e+03
2.241638286346447018e+00 1.394944985586742177e+03 1.394945008237262300e+03
2.309014002937997745e+00 1.394944983491120865e+03 1.394945001153131216e+03
2.378414795213647182e+00 1.394944982050449880e+03 1.394944996249193537e+03
2.449901529784302312e+00 1.394944981212192943e+03 1.394944993390875197e+03
2.523536902695863837e+00 1.394944981108098091e+03 1.394944993105318872e+03
2.599385494415571429e+00 1.394944981920290957e+03 1.394944996041991544e+03
2.677513826471040748e+00 1.394944983594374435e+03 1.394945001983535803e+03
2.757990419791676029e+00 1.394944985632751241e+03 1.394945009106152384e+03
2.840885854803610222e+00 1.394944987191982136e+03 1.394945014452461464e+03
2.926272833330890499e+00 1.394944987403115420e+03 1.394945015052598592e+03
3.014226242357196828e+00 1.394944985918356906e+03 1.394945009776768529e+03
3.104823219704007986e+00 1.394944983368231760e+03 1.394945000986698687e+03
3.198143221682825388e+00 1.394944980737445121e+03 1.394944992030987123e+03
3.294268092780779700e+00 1.394944978839694159e+03 1.394944985650855870e+03
3.393282137440741142e+00 1.394944977882698140e+03 1.394944982475162760e+03
3.495272193998885335e+00 1.394944977640950583e+03 1.394944981684263439e+03
3.600327710844566376e+00 1.394944977799857497e+03 1.394944982212374043e+03
3.708540824869279717e+00 1.394944977975268330e+03 1.394944982778316216e+03
3.820006442273519376e+00 1.394944977800386141e+03 1.394944982188685799e+03
3.934822321802417200e+00 1.394944977209701165e+03 1.394944980217528155e+03
4.053089160483140496e+00 1.394944976561330577e+03 1.394944978067932198e+03
4.174910681939254076e+00 1.394944976148509113e+03 1.394944976710404489e+03
4.300393727359502094e+00 1.394944975969533289e+03 1.394944976124541654e+03
4.429648349200787649e+00 1.394944975918135697e+03 1.394944975957170072e+03
4.562787907707532398e+00 1.394944975910394078e+03 1.394944975932132365e+03
4.699929170332067585e+00 1.394944975912198288e+03 1.394944975938032485e+03
4.841192414143256073e+00 1.394944975919987655e+03 1.394944975963200022e+03
4.986701531313139313e+00 1.394944975944101088e+03 1.394944976040764914e+03
5.136584137774153014e+00 1.394944975991942783e+03 1.394944976193850380e+03
5.290971685142194403e+00 1.394944976066539084e+03 1.394944976432488829e+03
5.449999576003692781e+00 1.394944976125378616e+03 1.394944976618059172e+03
5.613807282667812260e+00 1.394944976083947267e+03 1.394944976485509642e+03
5.782538469487912280e+00 1.394944975995714458e+03 1.394944976203828219e+03
5.956341118859571182e+00 1.394944975948045567e+03 1.394944976051509457e+03
6.135367661005654227e+00 1.394944975929548718e+03 1.394944975992360924e+03
6.319775107662277236e+00 1.394944975919726176e+03 1.394944975961176851e+03
6.509725189782878729e+00 1.394944975915563873e+03 1.394944975947857074e+03
6.705384499381191077e+00 1.394944975916681869e+03 1.394944975951292463e+03
6.906924635637528453e+00 1.394944975916106387e+03 1.394944975949315221e+03
7.114522355396492692e+00 1.394944975908131482e+03 1.394944975924314576e+03
7.328359728188118538e+00 1.394944975904016019e+03 1.394944975911333131e+03
7.548624295908402004e+00 1.394944975901346425e+03 1.394944975902980559e+03
7.775509237299261578e+00 1.394944975900883264e+03 1.394944975901522184e+03
8.009213537372179559e+00 1.394944975901507632e+03 1.394944975903458499e+03
8.249942161924138873e+00 1.394944975901186126e+03 1.394944975902458509e+03
8.497906237298867183e+00 1.394944975900671352e+03 1.394944975900856434e+03
8.753323235551068393e+00 1.394944975900601776e+03 1.394944975900638610e+03
9.016417165176063619e+00 1.394944975900589043e+03 1.394944975900598365e+03
9.287418767572058087e+00 1.394944975900586769e+03 1.394944975900592226e+03
9.566565719407389423e+00 1.394944975900589952e+03 1.394944975900602230e+03
9.854102841070211838e+00 1.394944975900643612e+03 1.394944975900767759e+03
