27.80093308583045 0.0 3.162277660168376e-130 1.0
32.86315559779866 0.0 3.162277660168376e-130 1.0
38.84714921297266 0.0 3.162277660168376e-130 1.0
0.00331867923193095 345402173872648.8 44224029886574.87 0.5963839569014868
0.06740052962536743 409179938960466.9 63529643970802.04 0.27605979660547636
0.02470381152733791 326742253103977.5 45325914510819.09 0.19937715017366148
0.009054503093230064 315870495725168.4 43789991363981.97 0.12847976613532125
0.1838919224570998 4871285405347482.0 223623986220014.38 0.0021137761212210652
0.5017206739016578 1.0389968136830878e+16 95415149075772.6 0.8354323515560766
1.368867274086269 1428399121070.3025 700054340070.401 0.5972335771757296
3.7347426796123093 5712645749.146019 18106756889.668507 0.6528500469990894
45.92075759383414 0.0 3.162277660168376e-130 1.0
10.189667871363469 2411251.315144054 181375759.77792367 0.9503670159513842
54.28238675715963 0.0 3.162277660168376e-130 1.0
64.16657011881495 0.0 3.162277660168376e-130 1.0
0.003922971637010143 320236380774037.4 48381458254669.69 0.6674265042056711
0.02920208467734409 268488478604576.97 52261202305057.27 0.6249742084817592
0.010703221474434197 205526608665153.6 44148787642976.12 0.10452670195299366
0.07967337231502576 511587009851030.06 66542097263400.99 0.27378227061236593
0.2173764758984338 6.587934464093879e+16 653466597932969.0 0.4551054160328595
0.5930781000104715 2573725278907014.0 99086171274196.44 0.564601248046825
1.6181218839722908 -27938348710.111526 486700676748.2702 0.3827723802015458
4.414795338664172 150794316850.0933 180957620366.15982 0.47137001359180786
12.045086390182384 -4.284802649037149e-08 4.446086200181849e-08 0.8287444482483883
0.004637298572490132 245491377397337.75 42677704346067.86 0.4748898633847298
0.01265215205641088 298772558006119.75 52177125176668.88 0.20944786241490754
0.03451944039319945 218987052244044.56 49614112953963.77 0.9270829540437243
0.09418095512501115 688131801461916.6 79476488049437.05 0.6621759902025504
0.25695817218424016 5.677589515138699e+16 461444449681234.5 0.32299299797291403
0.7010706375256437 881827262976757.0 14083764437918.71 0.5609262502643607
1.9127628229243672 -56009645083.73441 234919672211.24548 0.7065227772009077
14.238354770590115 1.3345492553933642e-63 2.2195561729911148e-63 0.4862586798516966
5.218677578160252 335915271.3588512 7049443852.437204 0.17978423410202715
16.830991493629014 -1.4370309971335066e-194 3.162277660168376e-130 1.0
0.005481696030514385 312507949130011.3 48198389538699.15 0.9216838531496018
0.014955959945414859 320003724963562.2 47512026114760.08 0.350610713979584
19.89571683125518 0.0 3.162277660168376e-130 1.0
0.040805023964063936 270757399304618.62 53538216358819.734 0.0778235902731557
0.11133019791339419 827293579763080.8 93726860684949.39 0.7526986538486595
0.303747229222338 4.41983557179467e+16 327534723717086.9 0.36179478424732153
23.51849256054384 0.0 3.162277660168376e-130 1.0
0.8287273443277278 197478673306182.75 5805612076736.265 0.7152466884694479
2.2610544069647145 157153327184.08316 123357243674.07848 0.5921490652860524
6.168937306396901 1099251703.3301141 4500468829.510927 0.4087049945024896
0.006479848321438031 397001183540912.75 45222565519732.87 0.1738358813055874
0.017679264119775894 272575491866645.8 47740981070761.17 0.6661404557567794
0.04823513827981573 293131751516150.06 55215877179767.3 0.5384151621784712
0.1316021158522314 953546824002969.5 115373588339793.58 0.3109499925248438
0.3590560225268685 3.154351266322763e+16 221119073267983.75 0.6998656272651397
0.9796288340650509 15424875836725.902 2645993151657.096 0.016457779339967518
2.672765786736908 176229931236.4535 107344325363.77524 0.23334247983416043
7.2922281402315186 45810805.86303633 2174812219.953453 0.934982284517169
0.057018188910315404 348056448944533.5 55473351350463.31 0.8074704030772173
0.007659752389609099 283735490136203.75 41880921405107.516 0.9161764356515791
0.15556531131164428 2506471175255356.5 154331352469565.53 0.00908532613802934
0.020898449912779917 305785813286241.94 47498044176214.01 0.38320055510090245
0.4244358957376594 2.1175908112947664e+16 149547106492328.6 0.37556482169273936
1.1580077079635247 2118729798341.7288 1256095956740.6467 0.9288713763715206
3.1594449601684618 56953123180.358505 70765700673.18358 0.4891838077491274
8.62005700625986 -1902312180.060862 1369521412.3803425 0.9944603446419543
