27.80093308583045 0.0 3.162277660168376e-130 1.0
32.86315559779866 0.0 3.162277660168376e-130 1.0
38.84714921297266 0.0 3.162277660168376e-130 1.0
45.92075759383414 0.0 3.162277660168376e-130 1.0
0.00331867923193095 350068852353044.8 988222886273886.2 0.4722196217919725
0.009054503093230064 850074081166182.2 790107963208557.4 0.9502456864827252
0.02470381152733791 -121830589489564.05 888400337110996.4 0.6330076362866275
0.06740052962536743 -898475658527392.4 1178070450629342.2 0.23987250121872067
0.5017206739016578 7.039293244636631e+16 2940900791562665.0 0.8800703606077616
0.1838919224570998 7478844506012749.0 4947146002237552.0 0.7998819770288502
3.7347426796123093 -330648497110.5361 471783727035.54443 0.5617969220881973
10.189667871363469 -6540513740.718151 6362885132.7442665 0.6742593088352945
1.368867274086269 25015726265151.81 13148532704440.73 0.9845379249115417
54.28238675715963 0.0 3.162277660168376e-130 1.0
64.16657011881495 0.0 3.162277660168376e-130 1.0
0.003922971637010143 520725936260250.5 799910312588702.4 0.5379355615302901
0.07967337231502576 3349987859087925.0 1288837030432884.2 0.8196128758018388
0.02920208467734409 1654572617149519.0 914586010027159.0 0.44369179752132337
0.010703221474434197 428195600053490.0 884245326020571.4 0.4796039930383864
0.2173764758984338 5.346207295564908e+17 4.502340467683816e+16 0.5514490693679838
4.414795338664172 10683418082.189049 301822722433.6967 0.6519811081649731
12.045086390182384 -2.2656709026568576e-07 7.762676309622129e-07 0.1866285111459474
0.5930781000104715 1.7014246617691062e+16 994556731250465.0 0.48089097618569854
1.6181218839722908 -2266506563549.286 6997461110330.518 0.17188033973875577
0.004637298572490132 -601812303428511.8 818774076924970.6 0.7501416666918226
0.09418095512501115 -736114459653459.5 1979802184069368.8 0.365565928250563
0.03451944039319945 -332687801021008.9 910880185957547.9 0.056468325660173214
0.01265215205641088 -97113652198521.98 829056770846773.9 0.06181973018608611
0.25695817218424016 4.095129272359851e+17 1.566640022072813e+16 0.6722931214368476
14.238354770590115 2.1478235615704164e-62 1.394109717269566e-62 0.5679795173035651
5.218677578160252 -179571134792.8543 257205509094.24393 0.33702615938774244
0.7010706375256437 6768970197320453.0 426788970659542.25 0.41501556181784094
16.830991493629014 -3.9677126773680127e-182 3.162277660168376e-130 1.0
1.9127628229243672 5027196054564.195 3890629159853.95 0.1644652952946523
0.005481696030514385 824168859394842.5 812739398597364.4 0.12626260779338794
19.89571683125518 0.0 3.162277660168376e-130 1.0
0.040805023964063936 -1246271521066792.5 949283635263732.5 0.1265844879050539
0.11133019791339419 344156825947509.5 1646905901433667.8 0.8361913797787633
23.51849256054384 0.0 3.162277660168376e-130 1.0
0.014955959945414859 123293885152777.34 845719170258875.4 0.07474604799261533
0.303747229222338 3.01293820012802e+17 1.4015866526233398e+16 0.5099432075155207
6.168937306396901 106101805911.77664 124642056986.10925 0.9048102951388927
0.8287273443277278 1233048172228829.0 195741057754733.16 0.46465853327706363
2.2610544069647145 -2058558420436.505 3338762183613.791 0.4231764518212663
0.006479848321438031 503636101938156.2 800159875703114.2 0.3224528701672935
0.04823513827981573 -1410998767244482.2 1071062554330527.5 0.6076457445366403
0.1316021158522314 4146806749501742.0 2399111816349005.5 0.46106736134114346
0.017679264119775894 675435106175999.0 836977090578620.5 0.04836653238660648
0.3590560225268685 2.296565203324938e+17 1.9149822470581468e+16 0.7033585011555995
7.2922281402315186 -292731112426.27826 285654562055.90497 0.45686077109980183
0.9796288340650509 154188022337967.53 63696045602329.26 0.7541460652525489
0.007659752389609099 192069225651483.84 876904375874165.5 0.07788978670559525
2.672765786736908 -464659165696.1248 1106307954603.4092 0.8706853648536447
0.057018188910315404 2036534774546673.0 1102886094660502.4 0.5963046105413115
0.15556531131164428 -502914867691568.4 2805711988681426.0 0.7810783836643723
0.020898449912779917 934087660670313.9 852139208336263.6 0.1962376123092491
0.4244358957376594 1.465922479643162e+17 5002778814516395.0 0.8496943243444924
8.62005700625986 51990895755.21176 35227174887.466965 0.7960956926054735
1.1580077079635247 40427407000995.99 45490448818203.46 0.49411794601284875
3.1594449601684618 484509316608.88416 833071429664.0013 0.594749695151708
