27.80093308583045 0.0 3.162277660168376e-130 1.0
32.86315559779866 0.0 3.162277660168376e-130 1.0
38.84714921297266 0.0 3.162277660168376e-130 1.0
0.009054503093230064 274098451816712.0 40664285843947.43 0.9874049125505735
0.02470381152733791 239767596404681.3 54714502688694.836 0.46363091796760914
0.00331867923193095 288537835020767.5 42863342099088.56 0.8103954825810394
0.06740052962536743 377636015777381.75 73578620748345.27 0.7954349069820656
0.1838919224570998 4935980841342097.0 185133508957597.84 0.5613541850198009
0.5017206739016578 9626115761114396.0 91065756626548.52 0.086043804620756
1.368867274086269 1031591159818.5792 732140733789.9232 0.3239152692191247
3.7347426796123093 -4825669266.386074 30502367968.66616 0.3767740802622435
45.92075759383414 0.0 3.162277660168376e-130 1.0
10.189667871363469 -38172468.89020885 198249102.64309472 0.5449172500333985
54.28238675715963 0.0 3.162277660168376e-130 1.0
64.16657011881495 0.0 3.162277660168376e-130 1.0
0.003922971637010143 248337757003261.25 44321988667912.695 0.6187179259095263
0.010703221474434197 261619716554524.8 46090685155727.34 0.6375668385907692
0.02920208467734409 207648733603296.56 47030353856939.36 0.5658466382003038
0.07967337231502576 530807952197384.0 69067063447848.65 0.9930844527961482
0.2173764758984338 6.1585467883631e+16 472955148731532.56 0.7518858294824569
0.5930781000104715 2395826262330016.0 25457724779888.152 0.3565133813334581
1.6181218839722908 787032907166.1189 344671204966.7342 0.648756557959115
12.045086390182384 -5.222551129225104e-09 9.902845647394762e-08 0.542210517005818
4.414795338664172 7235446663.822074 20845480703.5374 0.023715157387551474
0.004637298572490132 279754738411543.47 41462721506852.86 0.4343355300008922
0.03451944039319945 173999851056392.53 47784391822856.07 0.9449137385131956
0.01265215205641088 293291187657113.25 57605571571554.53 0.24902411428504434
0.09418095512501115 491849415583839.5 75380885394756.7 0.17059657589716473
0.25695817218424016 5.176107285928916e+16 331720333412828.1 0.026530858158460152
0.7010706375256437 821272145805413.1 14643069374598.701 0.7874543595834931
1.9127628229243672 -375734286297.9609 1014373649012.7349 0.3819424122041425
14.238354770590115 1.7540436545900295e-62 1.8604151631790679e-62 0.47984263319536336
5.218677578160252 2753833797.0319066 5438599341.958236 0.5284341008879259
16.830991493629014 -8.246334585223836e-183 3.162277660168376e-130 1.0
19.89571683125518 0.0 3.162277660168376e-130 1.0
0.005481696030514385 291946884448623.56 37053646307356.45 0.7139899240618197
0.040805023964063936 313874858411624.44 53586122741381.59 0.00669853012690841
0.014955959945414859 100172226709589.8 44050723947445.49 0.9723797986800461
0.11133019791339419 743493957669708.5 83928771244370.77 0.8271251580202427
0.303747229222338 4.126359747491355e+16 754671389640285.9 0.31157149585705646
23.51849256054384 0.0 3.162277660168376e-130 1.0
0.8287273443277278 186030478616573.9 7312083084819.16 0.22094564043383105
2.2610544069647145 136022638324.15778 158837797870.87967 0.4576640537953539
6.168937306396901 1672227907.1977155 7706983364.27073 0.31075485478467846
0.006479848321438031 250159574190376.72 38153080840718.75 0.6469905424053056
0.04823513827981573 409861780091024.75 54910492445070.89 0.5392673392701788
0.1316021158522314 906434903900753.9 103202060015366.39 0.8327185495487672
0.017679264119775894 290462591577910.56 43846087262367.04 0.3440450293555508
0.3590560225268685 2.966595803267112e+16 218818707108977.4 0.564176102716063
0.9796288340650509 12495010218857.664 3778128980804.187 0.371320063393765
2.672765786736908 86974697892.81615 131714429171.84317 0.7681375849470127
7.2922281402315186 -659706538.1025453 2439796790.6929436 0.5339258192605398
0.007659752389609099 265551860471046.0 39760893704005.02 0.3651801946615104
0.057018188910315404 255977651560172.28 53711952028929.07 0.4190853106262252
0.15556531131164428 2443058176593318.5 123149910826016.53 0.7369226917791935
0.020898449912779917 291628487662342.56 47429590164690.37 0.7381603158512184
0.4244358957376594 1.941871094705033e+16 167210993192839.84 0.3877019036097676
1.1580077079635247 537909867045.9046 1224086688740.4658 0.2790050763597783
3.1594449601684618 -2452763345.9544616 53907183734.547066 0.42535097343053907
8.62005700625986 -339710301.8701828 1294107734.4277966 0.26537949819685763
