27.80093308583045 0.0 3.162277660168376e-130 1.0
32.86315559779866 0.0 3.162277660168376e-130 1.0
38.84714921297266 0.0 3.162277660168376e-130 1.0
0.009054503093230064 525792294060739.8 795893842906747.5 0.6596620534917367
0.02470381152733791 181611216739029.75 853760026563475.0 0.7976349828049047
0.5017206739016578 6.987455802575355e+16 4199742956688801.5 0.2958141820556467
1.368867274086269 4869100755190.814 17891959839436.656 0.8726640601829445
0.00331867923193095 -157112810077661.88 812264380079254.5 0.5985829887469016
0.06740052962536743 1126130908331481.0 1272710415808118.2 0.3625072050287429
45.92075759383414 0.0 3.162277660168376e-130 1.0
3.7347426796123093 -777219649861.9666 371636967162.64624 0.5607915253139377
0.1838919224570998 7849687267743226.0 4508997886048181.0 0.5379863187357858
10.189667871363469 4890867255.060797 4902025821.46312 0.5032761500505581
54.28238675715963 0.0 3.162277660168376e-130 1.0
64.16657011881495 0.0 3.162277660168376e-130 1.0
0.02920208467734409 133470359505652.44 1013663781498342.1 0.4398853827944794
0.010703221474434197 -439935843572831.1 865994925578132.6 0.8859457608990053
0.07967337231502576 415693732733120.6 1593975753298149.5 0.3706363806592934
0.003922971637010143 981268243246909.1 1230133709722379.5 0.7165960687022432
0.5930781000104715 1.749483655142142e+16 1079253062068619.1 0.8004510162478731
12.045086390182384 4.913596474514452e-07 9.168598741321693e-07 0.3158012770751855
1.6181218839722908 3642544912573.1704 7552945197249.753 0.8983884475610568
4.414795338664172 437257413480.8885 207480249619.5118 0.5561347559206602
0.2173764758984338 4.7292861334619494e+17 2.583465428774317e+16 0.5869444515910873
0.03451944039319945 -257612615110045.1 942512555116204.1 0.9364075810161725
0.01265215205641088 1617500938261660.5 834100262444262.9 0.7354010908811853
14.238354770590115 -4.2628187880734187e-63 1.1318948342734772e-62 0.4347087170487164
0.004637298572490132 168181829467200.53 812465535430005.1 0.3844517842637889
0.7010706375256437 5690918940744558.0 599061976206839.2 0.3996070090827653
0.09418095512501115 870650927849058.4 1668538210657723.5 0.7763087046753199
1.9127628229243672 -6568367312453.716 3950779063066.144 0.48135466838926355
5.218677578160252 -175089667035.8977 141374575273.1507 0.6846845721017175
0.25695817218424016 3.968865830761971e+17 1.5289476180346348e+16 0.9232861941509104
16.830991493629014 -5.141561535151645e-189 3.162277660168376e-130 1.0
19.89571683125518 0.0 3.162277660168376e-130 1.0
0.040805023964063936 1830924409736737.0 952540483021125.8 0.8758364893629718
23.51849256054384 0.0 3.162277660168376e-130 1.0
0.014955959945414859 -631230316570375.6 814766614606359.4 0.33552118063466213
0.005481696030514385 -82634480016749.84 843383782635490.4 0.3532842465514696
0.11133019791339419 1040431134739727.6 1948612069182106.2 0.43356921708559415
0.8287273443277278 1613005200596513.2 176276788151083.9 0.5277805836546565
2.2610544069647145 -1520929943139.8193 2969078757985.704 0.7764387878422438
6.168937306396901 147283847901.4431 130466486100.29964 0.7376974258026776
0.303747229222338 2.9557340977404224e+17 1.181571656167093e+16 0.26057270261213317
0.04823513827981573 1319816195943679.2 1048475362684393.4 0.14960244515518756
0.017679264119775894 7989727386941.04 919637445644547.9 0.5984121518932832
0.1316021158522314 4068286381952935.0 2064165306438317.5 0.4612661729454043
0.006479848321438031 319440499585989.5 805755638545525.0 0.7507797534359508
0.9796288340650509 94581010836730.81 59593603954720.47 0.7244832395172607
2.672765786736908 836168499048.4524 1074154505009.1118 0.36389992028966334
7.2922281402315186 19741103004.395924 41499282042.463196 0.25776520720576607
0.3590560225268685 2.1036539235937162e+17 9993436371092858.0 0.16493490644638054
0.057018188910315404 1821315097130704.0 1183790208639519.2 0.05078566301781201
0.020898449912779917 89840510319929.16 834201836172365.6 0.13626688183390637
0.15556531131164428 4781704257085477.0 2934505083487554.5 0.9401039790322662
0.007659752389609099 -2701257189435846.5 811737627898421.2 0.7161843277746895
1.1580077079635247 232256867629698.75 186185500725795.9 0.4639002975072486
3.1594449601684618 -728738480480.2556 885514949686.9415 0.4797477529099988
8.62005700625986 -40450102126.38138 26512764448.20761 0.6230997852896787
0.4244358957376594 1.408328398427319e+17 6018416914338815.0 0.1186135715390772
